glyph
a

curves p1x p1y p2x p2y p3x p3y
0.197 0.07 0.228 0.07 0.2525 0.072
0.2525 0.072 0.277 0.074 0.293 0.077
0.293 0.077 0.293 0.146 0.293 0.215
0.293 0.215 0.277 0.22 0.2545 0.223
0.2545 0.223 0.232 0.226 0.207 0.226
0.207 0.226 0.184 0.226 0.162 0.2225
0.162 0.2225 0.14 0.219 0.123 0.21
0.123 0.21 0.106 0.201 0.095 0.1865
0.095 0.1865 0.084 0.172 0.084 0.15
0.084 0.15 0.084 0.105 0.1145 0.0875
0.1145 0.0875 0.145 0.07 0.197 0.07
0.189 0.486 0.241 0.486 0.2765 0.473
0.2765 0.473 0.312 0.46 0.334 0.437
0.334 0.437 0.356 0.414 0.365 0.381
0.365 0.381 0.374 0.348 0.374 0.309
0.374 0.309 0.374 0.164 0.374 0.019
0.374 0.019 0.345 0.014 0.2975 0.007
0.2975 0.007 0.25 0.0 0.2 0.0
0.2 0.0 0.162 0.0 0.126 0.0065
0.126 0.0065 0.09 0.013 0.062 0.0295
0.062 0.0295 0.034 0.046 0.017 0.075
0.017 0.075 0.0 0.104 0.0 0.149
0.0 0.149 0.0 0.189 0.0175 0.2165
0.0175 0.2165 0.035 0.244 0.0625 0.261
0.0625 0.261 0.09 0.278 0.1255 0.2855
0.1255 0.2855 0.161 0.293 0.197 0.293
0.197 0.293 0.246 0.293 0.293 0.282
0.293 0.282 0.293 0.2935 0.293 0.305
0.293 0.305 0.293 0.326 0.2885 0.3455
0.2885 0.3455 0.284 0.365 0.2715 0.381
0.2715 0.381 0.259 0.397 0.2375 0.4065
0.2375 0.4065 0.216 0.416 0.182 0.416
0.182 0.416 0.139 0.416 0.107 0.41
0.107 0.41 0.075 0.404 0.058 0.398
0.058 0.398 0.053 0.432 0.048 0.466
0.048 0.466 0.065 0.474 0.1045 0.48
0.1045 0.48 0.144 0.486 0.189 0.486

advance-width
0.5

advance-height
1.0

bounding-box x-min y-min x-max y-max
0.058 -0.011 0.432 0.475 

glyph-info-end
