glyph
&

curves p1x p1y p2x p2y p3x p3y
0.241 0.291 0.258 0.271 0.2765 0.2505
0.2765 0.2505 0.295 0.23 0.314 0.207
0.314 0.207 0.322 0.235 0.328 0.268
0.328 0.268 0.334 0.301 0.337 0.341
0.337 0.341 0.3715 0.3365 0.406 0.332
0.406 0.332 0.4 0.274 0.3885 0.2285
0.3885 0.2285 0.377 0.183 0.36 0.146
0.36 0.146 0.383 0.114 0.404 0.08
0.404 0.08 0.425 0.046 0.442 0.008
0.442 0.008 0.3985 0.008 0.355 0.008
0.355 0.008 0.338 0.043 0.317 0.075
0.317 0.075 0.285 0.035 0.2455 0.0175
0.2455 0.0175 0.206 0.0 0.163 0.0
0.163 0.0 0.125 0.0 0.095 0.0125
0.095 0.0125 0.065 0.025 0.044 0.047
0.044 0.047 0.023 0.069 0.0115 0.098
0.0115 0.098 0.0 0.127 0.0 0.159
0.0 0.159 0.0 0.206 0.0245 0.254
0.0245 0.254 0.049 0.302 0.102 0.343
0.102 0.343 0.076 0.378 0.06 0.414
0.06 0.414 0.044 0.45 0.044 0.488
0.044 0.488 0.044 0.527 0.0565 0.556
0.0565 0.556 0.069 0.585 0.09 0.6035
0.09 0.6035 0.111 0.622 0.1385 0.6315
0.1385 0.6315 0.166 0.641 0.195 0.641
0.195 0.641 0.221 0.641 0.246 0.633
0.246 0.633 0.271 0.625 0.29 0.6085
0.29 0.6085 0.309 0.592 0.3205 0.568
0.3205 0.568 0.332 0.544 0.332 0.513
0.332 0.513 0.332 0.467 0.302 0.4185
0.302 0.4185 0.272 0.37 0.207 0.329
0.207 0.329 0.224 0.31 0.241 0.291
0.141 0.293 0.112 0.267 0.0975 0.233
0.0975 0.233 0.083 0.199 0.083 0.167
0.083 0.167 0.083 0.128 0.103 0.1025
0.103 0.1025 0.123 0.077 0.152 0.0705
0.152 0.0705 0.181 0.064 0.215 0.0785
0.215 0.0785 0.249 0.093 0.277 0.133
0.277 0.133 0.244 0.178 0.2085 0.2165
0.2085 0.2165 0.173 0.255 0.141 0.293
0.257 0.504 0.257 0.54 0.2375 0.558
0.2375 0.558 0.218 0.576 0.193 0.576
0.193 0.576 0.167 0.576 0.1445 0.5555
0.1445 0.5555 0.122 0.535 0.122 0.494
0.122 0.494 0.122 0.465 0.131 0.44
0.131 0.44 0.14 0.415 0.169 0.377
0.169 0.377 0.217 0.407 0.237 0.441
0.237 0.441 0.257 0.475 0.257 0.504

advance-width
0.5

advance-height
1.0

bounding-box x-min y-min x-max y-max
0.031 -0.008 0.473 0.633 

glyph-info-end
