glyph
@

curves p1x p1y p2x p2y p3x p3y
0.428 0.198 0.398 0.186 0.367 0.1815
0.367 0.1815 0.336 0.177 0.31 0.177
0.31 0.177 0.275 0.177 0.245 0.1885
0.245 0.1885 0.215 0.2 0.1925 0.224
0.1925 0.224 0.17 0.248 0.1575 0.2855
0.1575 0.2855 0.145 0.323 0.145 0.375
0.145 0.375 0.145 0.468 0.193 0.5165
0.193 0.5165 0.241 0.565 0.318 0.565
0.318 0.565 0.326 0.565 0.3335 0.5645
0.3335 0.5645 0.341 0.564 0.349 0.563
0.349 0.563 0.349 0.626 0.323 0.663
0.323 0.663 0.297 0.7 0.24 0.7
0.24 0.7 0.205 0.7 0.176 0.683
0.176 0.683 0.147 0.666 0.126 0.6285
0.126 0.6285 0.105 0.591 0.093 0.532
0.093 0.532 0.081 0.473 0.081 0.389
0.081 0.389 0.081 0.326 0.093 0.2675
0.093 0.2675 0.105 0.209 0.1305 0.165
0.1305 0.165 0.156 0.121 0.1955 0.0945
0.1955 0.0945 0.235 0.068 0.29 0.068
0.29 0.068 0.33 0.068 0.373 0.081
0.373 0.081 0.377 0.0475 0.381 0.014
0.381 0.014 0.328 0.0 0.283 0.0
0.283 0.0 0.21 0.0 0.1565 0.0325
0.1565 0.0325 0.103 0.065 0.0685 0.118
0.0685 0.118 0.034 0.171 0.017 0.239
0.017 0.239 0.0 0.307 0.0 0.378
0.0 0.378 0.0 0.481 0.0185 0.555
0.0185 0.555 0.037 0.629 0.0695 0.676
0.0695 0.676 0.102 0.723 0.145 0.7455
0.145 0.7455 0.188 0.768 0.238 0.768
0.238 0.768 0.326 0.768 0.377 0.7085
0.377 0.7085 0.428 0.649 0.428 0.543
0.428 0.543 0.428 0.3705 0.428 0.198
0.225 0.375 0.225 0.355 0.2275 0.332
0.2275 0.332 0.23 0.309 0.239 0.2895
0.239 0.2895 0.248 0.27 0.2645 0.2565
0.2645 0.2565 0.281 0.243 0.31 0.243
0.31 0.243 0.318 0.243 0.328 0.244
0.328 0.244 0.338 0.245 0.349 0.248
0.349 0.248 0.349 0.3705 0.349 0.493
0.349 0.493 0.34 0.496 0.3315 0.497
0.3315 0.497 0.323 0.498 0.315 0.498
0.315 0.498 0.272 0.498 0.2485 0.4645
0.2485 0.4645 0.225 0.431 0.225 0.375

advance-width
0.5

advance-height
1.0

bounding-box x-min y-min x-max y-max
0.04 -0.135 0.468 0.633 

glyph-info-end
