glyph
*

curves p1x p1y p2x p2y p3x p3y
0.23 0.167 0.257 0.142 0.286 0.1145
0.286 0.1145 0.315 0.087 0.335 0.056
0.335 0.056 0.337 0.0535 0.339 0.051
0.339 0.051 0.304 0.0255 0.269 0.0
0.269 0.0 0.2665 0.003 0.264 0.006
0.264 0.006 0.243 0.036 0.226 0.0715
0.226 0.0715 0.209 0.107 0.194 0.14
0.194 0.14 0.178 0.107 0.161 0.0715
0.161 0.0715 0.144 0.036 0.121 0.006
0.121 0.006 0.1185 0.0035 0.116 0.001
0.116 0.001 0.0815 0.026 0.047 0.051
0.047 0.051 0.0495 0.054 0.052 0.057
0.052 0.057 0.074 0.088 0.102 0.115
0.102 0.115 0.13 0.142 0.157 0.167
0.157 0.167 0.12 0.172 0.081 0.1775
0.081 0.1775 0.042 0.183 0.007 0.195
0.007 0.195 0.0035 0.196 0.0 0.197
0.0 0.197 0.0135 0.238 0.027 0.279
0.027 0.279 0.0305 0.2775 0.034 0.276
0.034 0.276 0.069 0.262 0.1045 0.245
0.1045 0.245 0.14 0.228 0.172 0.21
0.172 0.21 0.164 0.246 0.1575 0.285
0.1575 0.285 0.151 0.324 0.151 0.362
0.151 0.362 0.151 0.3655 0.151 0.369
0.151 0.369 0.194 0.369 0.237 0.369
0.237 0.369 0.237 0.3655 0.237 0.362
0.237 0.362 0.237 0.324 0.2305 0.285
0.2305 0.285 0.224 0.246 0.216 0.21
0.216 0.21 0.248 0.229 0.283 0.2455
0.283 0.2455 0.318 0.262 0.353 0.275
0.353 0.275 0.3565 0.2765 0.36 0.278
0.36 0.278 0.373 0.237 0.386 0.196
0.386 0.196 0.383 0.195 0.38 0.194
0.38 0.194 0.344 0.183 0.3055 0.177
0.3055 0.177 0.267 0.171 0.23 0.167

advance-width
0.5

advance-height
1.0

bounding-box x-min y-min x-max y-max
0.057 0.25 0.443 0.619 

glyph-info-end
