glyph
B

curves p1x p1y p2x p2y p3x p3y
0.15 0.0 0.135 0.0 0.115 0.001
0.115 0.001 0.095 0.002 0.075 0.0035
0.075 0.0035 0.055 0.005 0.035 0.008
0.035 0.008 0.015 0.011 0.0 0.015
0.0 0.015 0.0 0.315 0.0 0.615
0.0 0.615 0.015 0.619 0.0345 0.622
0.0345 0.622 0.054 0.625 0.0745 0.6265
0.0745 0.6265 0.095 0.628 0.1145 0.629
0.1145 0.629 0.134 0.63 0.15 0.63
0.15 0.63 0.196 0.63 0.236 0.622
0.236 0.622 0.276 0.614 0.3055 0.595
0.3055 0.595 0.335 0.576 0.3515 0.545
0.3515 0.545 0.368 0.514 0.368 0.468
0.368 0.468 0.368 0.446 0.361 0.4255
0.361 0.4255 0.354 0.405 0.3415 0.387
0.3415 0.387 0.329 0.369 0.3125 0.3555
0.3125 0.3555 0.296 0.342 0.277 0.335
0.277 0.335 0.328 0.321 0.3625 0.2835
0.3625 0.2835 0.397 0.246 0.397 0.186
0.397 0.186 0.397 0.094 0.338 0.047
0.338 0.047 0.279 0.0 0.15 0.0
0.082 0.294 0.082 0.1835 0.082 0.073
0.082 0.073 0.084 0.072 0.1045 0.0705
0.1045 0.0705 0.125 0.069 0.156 0.069
0.156 0.069 0.187 0.069 0.2155 0.074
0.2155 0.074 0.244 0.079 0.266 0.0925
0.266 0.0925 0.288 0.106 0.3015 0.128
0.3015 0.128 0.315 0.15 0.315 0.185
0.315 0.185 0.315 0.216 0.3025 0.237
0.3025 0.237 0.29 0.258 0.2695 0.2705
0.2695 0.2705 0.249 0.283 0.222 0.2885
0.222 0.2885 0.195 0.294 0.166 0.294
0.166 0.294 0.124 0.294 0.082 0.294
0.082 0.362 0.1145 0.362 0.147 0.362
0.147 0.362 0.172 0.362 0.197 0.367
0.197 0.367 0.222 0.372 0.242 0.383
0.242 0.383 0.262 0.394 0.274 0.413
0.274 0.413 0.286 0.432 0.286 0.461
0.286 0.461 0.286 0.488 0.275 0.507
0.275 0.507 0.264 0.526 0.246 0.538
0.246 0.538 0.228 0.55 0.2045 0.555
0.2045 0.555 0.181 0.56 0.155 0.56
0.155 0.56 0.129 0.56 0.1095 0.5595
0.1095 0.5595 0.09 0.559 0.082 0.557
0.082 0.557 0.082 0.4595 0.082 0.362

advance-width
0.5

advance-height
1.0

bounding-box x-min y-min x-max y-max
0.054 -0.005 0.451 0.625 

glyph-info-end
