glyph
b

curves p1x p1y p2x p2y p3x p3y
0.083 0.458 0.098 0.467 0.1265 0.4765
0.1265 0.4765 0.155 0.486 0.19 0.486
0.19 0.486 0.237 0.486 0.274 0.468
0.274 0.468 0.311 0.45 0.3365 0.418
0.3365 0.418 0.362 0.386 0.3755 0.3415
0.3755 0.3415 0.389 0.297 0.389 0.243
0.389 0.243 0.389 0.187 0.373 0.142
0.373 0.142 0.357 0.097 0.328 0.0655
0.328 0.0655 0.299 0.034 0.258 0.017
0.258 0.017 0.217 0.0 0.167 0.0
0.167 0.0 0.112 0.0 0.069 0.008
0.069 0.008 0.026 0.016 0.0 0.024
0.0 0.024 0.0 0.357 0.0 0.69
0.0 0.69 0.0415 0.697 0.083 0.704
0.083 0.704 0.083 0.581 0.083 0.458
0.083 0.083 0.102 0.078 0.121 0.0755
0.121 0.0755 0.14 0.073 0.157 0.073
0.157 0.073 0.226 0.073 0.265 0.1155
0.265 0.1155 0.304 0.158 0.304 0.243
0.304 0.243 0.304 0.279 0.297 0.3105
0.297 0.3105 0.29 0.342 0.275 0.3645
0.275 0.3645 0.26 0.387 0.2365 0.4
0.2365 0.4 0.213 0.413 0.18 0.413
0.18 0.413 0.151 0.413 0.124 0.4015
0.124 0.4015 0.097 0.39 0.083 0.377
0.083 0.377 0.083 0.23 0.083 0.083

advance-width
0.5

advance-height
1.0

bounding-box x-min y-min x-max y-max
0.071 -0.011 0.46 0.693 

glyph-info-end
