glyph
Q

curves p1x p1y p2x p2y p3x p3y
0.0 0.474 0.0 0.557 0.016 0.618
0.016 0.618 0.032 0.679 0.061 0.7185
0.061 0.7185 0.09 0.758 0.1305 0.7775
0.1305 0.7775 0.171 0.797 0.221 0.797
0.221 0.797 0.27 0.797 0.311 0.7775
0.311 0.7775 0.352 0.758 0.381 0.7185
0.381 0.7185 0.41 0.679 0.4265 0.618
0.4265 0.618 0.443 0.557 0.443 0.474
0.443 0.474 0.443 0.4 0.43 0.3435
0.43 0.3435 0.417 0.287 0.393 0.247
0.393 0.247 0.369 0.207 0.335 0.184
0.335 0.184 0.301 0.161 0.26 0.154
0.26 0.154 0.263 0.134 0.277 0.1195
0.277 0.1195 0.291 0.105 0.3125 0.0945
0.3125 0.0945 0.334 0.084 0.3615 0.077
0.3615 0.077 0.389 0.07 0.419 0.066
0.419 0.066 0.4095 0.033 0.4 0.0
0.4 0.0 0.359 0.007 0.3215 0.018
0.3215 0.018 0.284 0.029 0.254 0.047
0.254 0.047 0.224 0.065 0.203 0.091
0.203 0.091 0.182 0.117 0.175 0.155
0.175 0.155 0.094 0.172 0.047 0.2495
0.047 0.2495 0.0 0.327 0.0 0.474
0.084 0.474 0.084 0.352 0.117 0.287
0.117 0.287 0.15 0.222 0.219 0.222
0.219 0.222 0.289 0.222 0.324 0.287
0.324 0.287 0.359 0.352 0.359 0.474
0.359 0.474 0.359 0.596 0.324 0.661
0.324 0.661 0.289 0.726 0.219 0.726
0.219 0.726 0.15 0.726 0.117 0.661
0.117 0.661 0.084 0.596 0.084 0.474

advance-width
0.5

advance-height
1.0

bounding-box x-min y-min x-max y-max
0.029 -0.165 0.472 0.632 

glyph-info-end
