glyph
V

curves p1x p1y p2x p2y p3x p3y
0.089 0.619 0.101 0.556 0.1195 0.4815
0.1195 0.4815 0.138 0.407 0.1585 0.3325
0.1585 0.3325 0.179 0.258 0.2 0.19
0.2 0.19 0.221 0.122 0.239 0.071
0.239 0.071 0.255 0.122 0.2765 0.191
0.2765 0.191 0.298 0.26 0.319 0.3345
0.319 0.3345 0.34 0.409 0.3585 0.483
0.3585 0.483 0.377 0.557 0.389 0.619
0.389 0.619 0.432 0.619 0.475 0.619
0.475 0.619 0.467 0.579 0.449 0.5115
0.449 0.5115 0.431 0.444 0.406 0.3605
0.406 0.3605 0.381 0.277 0.3505 0.1835
0.3505 0.1835 0.32 0.09 0.287 0.0
0.287 0.0 0.236 0.0 0.185 0.0
0.185 0.0 0.154 0.09 0.1245 0.183
0.1245 0.183 0.095 0.276 0.07 0.3595
0.07 0.3595 0.045 0.443 0.027 0.511
0.027 0.511 0.009 0.579 0.0 0.619
0.0 0.619 0.0445 0.619 0.089 0.619

advance-width
0.5

advance-height
1.0

bounding-box x-min y-min x-max y-max
0.013 0.0 0.488 0.619 

glyph-info-end
