glyph
H

curves p1x p1y p2x p2y p3x p3y
0.328 0.619 0.369 0.619 0.41 0.619
0.41 0.619 0.41 0.3095 0.41 0.0
0.41 0.0 0.369 0.0 0.328 0.0
0.328 0.0 0.328 0.144 0.328 0.288
0.328 0.288 0.205 0.288 0.082 0.288
0.082 0.288 0.082 0.144 0.082 0.0
0.082 0.0 0.041 0.0 0.0 0.0
0.0 0.0 0.0 0.3095 0.0 0.619
0.0 0.619 0.041 0.619 0.082 0.619
0.082 0.619 0.082 0.4885 0.082 0.358
0.082 0.358 0.205 0.358 0.328 0.358
0.328 0.358 0.328 0.4885 0.328 0.619

advance-width
0.5

advance-height
1.0

bounding-box x-min y-min x-max y-max
0.045 0.0 0.455 0.619 

glyph-info-end
