glyph
R

curves p1x p1y p2x p2y p3x p3y
431.00 610.00 431.00 553.00 401.00 509.50
401.00 509.50 371.00 466.00 320.00 442.00
320.00 442.00 335.00 418.00 353.50 387.50
353.50 387.50 372.00 357.00 391.00 322.50
391.00 322.50 410.00 288.00 428.50 251.50
428.50 251.50 447.00 215.00 463.00 180.00
463.00 180.00 419.00 180.00 375.00 180.00
375.00 180.00 345.00 252.00 309.50 318.00
309.50 318.00 274.00 384.00 241.00 425.00
241.00 425.00 235.00 424.00 223.50 424.00
223.50 424.00 212.00 424.00 208.00 424.00
208.00 424.00 173.00 424.00 138.00 424.00
138.00 424.00 138.00 302.00 138.00 180.00
138.00 180.00 96.50 180.00 55.00 180.00
55.00 180.00 55.00 485.00 55.00 790.00
55.00 790.00 70.00 794.00 89.50 797.00
89.50 797.00 109.00 800.00 129.50 801.50
129.50 801.50 150.00 803.00 170.00 804.00
170.00 804.00 190.00 805.00 206.00 805.00
206.00 805.00 318.00 805.00 374.50 756.00
374.50 756.00 431.00 707.00 431.00 610.00
213.00 734.00 190.00 734.00 168.50 733.50
168.50 733.50 147.00 733.00 138.00 731.00
138.00 731.00 138.00 611.50 138.00 492.00
138.00 492.00 164.50 492.00 191.00 492.00
191.00 492.00 227.00 492.00 255.50 497.00
255.50 497.00 284.00 502.00 304.50 515.50
304.50 515.50 325.00 529.00 336.00 552.50
336.00 552.50 347.00 576.00 347.00 614.00
347.00 614.00 347.00 650.00 336.00 673.00
336.00 673.00 325.00 696.00 307.00 709.50
307.00 709.50 289.00 723.00 264.50 728.50
264.50 728.50 240.00 734.00 213.00 734.00

advance-width
500.00

render-box x-min y-min x-max y-max
0.00 0.00 500.00 890.00

glyph-info-end
