glyph
U

curves p1x p1y p2x p2y p3x p3y
0.202 0.0 0.147 0.0 0.1085 0.016
0.1085 0.016 0.07 0.032 0.046 0.061
0.046 0.061 0.022 0.09 0.011 0.132
0.011 0.132 0.0 0.174 0.0 0.226
0.0 0.226 0.0 0.429 0.0 0.632
0.0 0.632 0.041 0.632 0.082 0.632
0.082 0.632 0.082 0.4335 0.082 0.235
0.082 0.235 0.082 0.188 0.0905 0.1565
0.0905 0.1565 0.099 0.125 0.1145 0.106
0.1145 0.106 0.13 0.087 0.152 0.079
0.152 0.079 0.174 0.071 0.202 0.071
0.202 0.071 0.23 0.071 0.252 0.079
0.252 0.079 0.274 0.087 0.2895 0.106
0.2895 0.106 0.305 0.125 0.3135 0.1565
0.3135 0.1565 0.322 0.188 0.322 0.235
0.322 0.235 0.322 0.4335 0.322 0.632
0.322 0.632 0.363 0.632 0.404 0.632
0.404 0.632 0.404 0.429 0.404 0.226
0.404 0.226 0.404 0.174 0.393 0.132
0.393 0.132 0.382 0.09 0.358 0.061
0.358 0.061 0.334 0.032 0.2955 0.016
0.2955 0.016 0.257 0.0 0.202 0.0

advance-width
0.5

advance-height
1.0

bounding-box x-min y-min x-max y-max
0.048 -0.013 0.452 0.619 

glyph-info-end
