glyph
A

curves p1x p1y p2x p2y p3x p3y
0.395 0.0 0.3765 0.081 0.358 0.162
0.358 0.162 0.239 0.162 0.12 0.162
0.12 0.162 0.102 0.081 0.084 0.0
0.084 0.0 0.042 0.0 0.0 0.0
0.0 0.0 0.017 0.066 0.038 0.143
0.038 0.143 0.059 0.22 0.0835 0.301
0.0835 0.301 0.108 0.382 0.135 0.4635
0.135 0.4635 0.162 0.545 0.192 0.619
0.192 0.619 0.243 0.619 0.294 0.619
0.294 0.619 0.323 0.545 0.3495 0.4635
0.3495 0.4635 0.376 0.382 0.3995 0.301
0.3995 0.301 0.423 0.22 0.444 0.143
0.444 0.143 0.465 0.066 0.482 0.0
0.482 0.0 0.4385 0.0 0.395 0.0
0.24 0.547 0.217 0.484 0.19 0.401
0.19 0.401 0.163 0.318 0.139 0.23
0.139 0.23 0.239 0.23 0.339 0.23
0.339 0.23 0.316 0.32 0.2895 0.4035
0.2895 0.4035 0.263 0.487 0.24 0.547

advance-width
0.5

advance-height
1.0

bounding-box x-min y-min x-max y-max
0.009 0.0 0.491 0.619 

glyph-info-end
