glyph
S

curves p1x p1y p2x p2y p3x p3y
0.179 0.071 0.242 0.071 0.275 0.095
0.275 0.095 0.308 0.119 0.308 0.167
0.308 0.167 0.308 0.196 0.296 0.2165
0.296 0.2165 0.284 0.237 0.264 0.2525
0.264 0.2525 0.244 0.268 0.219 0.2795
0.219 0.2795 0.194 0.291 0.168 0.301
0.168 0.301 0.138 0.313 0.1105 0.328
0.1105 0.328 0.083 0.343 0.0615 0.363
0.0615 0.363 0.04 0.383 0.0275 0.41
0.0275 0.41 0.015 0.437 0.015 0.474
0.015 0.474 0.015 0.555 0.066 0.6005
0.066 0.6005 0.117 0.646 0.208 0.646
0.208 0.646 0.233 0.646 0.2575 0.6425
0.2575 0.6425 0.282 0.639 0.303 0.634
0.303 0.634 0.324 0.629 0.3405 0.622
0.3405 0.622 0.357 0.615 0.367 0.608
0.367 0.608 0.354 0.5735 0.341 0.539
0.341 0.539 0.321 0.551 0.286 0.563
0.286 0.563 0.251 0.575 0.208 0.575
0.208 0.575 0.163 0.575 0.13 0.5525
0.13 0.5525 0.097 0.53 0.097 0.485
0.097 0.485 0.097 0.459 0.1065 0.441
0.1065 0.441 0.116 0.423 0.1325 0.4095
0.1325 0.4095 0.149 0.396 0.171 0.385
0.171 0.385 0.193 0.374 0.219 0.363
0.219 0.363 0.257 0.347 0.2885 0.331
0.2885 0.331 0.32 0.315 0.3425 0.293
0.3425 0.293 0.365 0.271 0.3775 0.241
0.3775 0.241 0.39 0.211 0.39 0.168
0.39 0.168 0.39 0.087 0.3355 0.0435
0.3355 0.0435 0.281 0.0 0.179 0.0
0.179 0.0 0.146 0.0 0.117 0.0045
0.117 0.0045 0.088 0.009 0.0655 0.016
0.0655 0.016 0.043 0.023 0.026 0.03
0.026 0.03 0.009 0.037 0.0 0.043
0.0 0.043 0.0125 0.077 0.025 0.111
0.025 0.111 0.045 0.1 0.084 0.0855
0.084 0.0855 0.123 0.071 0.179 0.071

advance-width
0.5

advance-height
1.0

bounding-box x-min y-min x-max y-max
0.055 -0.013 0.445 0.633 

glyph-info-end
