glyph
O

curves p1x p1y p2x p2y p3x p3y
0.0 0.323 0.0 0.406 0.016 0.467
0.016 0.467 0.032 0.528 0.061 0.5675
0.061 0.5675 0.09 0.607 0.1305 0.6265
0.1305 0.6265 0.171 0.646 0.221 0.646
0.221 0.646 0.27 0.646 0.311 0.6265
0.311 0.6265 0.352 0.607 0.381 0.5675
0.381 0.5675 0.41 0.528 0.4265 0.467
0.4265 0.467 0.443 0.406 0.443 0.323
0.443 0.323 0.443 0.24 0.4265 0.179
0.4265 0.179 0.41 0.118 0.381 0.078
0.381 0.078 0.352 0.038 0.311 0.019
0.311 0.019 0.27 0.0 0.221 0.0
0.221 0.0 0.171 0.0 0.1305 0.019
0.1305 0.019 0.09 0.038 0.061 0.078
0.061 0.078 0.032 0.118 0.016 0.179
0.016 0.179 0.0 0.24 0.0 0.323
0.084 0.323 0.084 0.201 0.117 0.136
0.117 0.136 0.15 0.071 0.219 0.071
0.219 0.071 0.289 0.071 0.324 0.136
0.324 0.136 0.359 0.201 0.359 0.323
0.359 0.323 0.359 0.445 0.324 0.51
0.324 0.51 0.289 0.575 0.219 0.575
0.219 0.575 0.15 0.575 0.117 0.51
0.117 0.51 0.084 0.445 0.084 0.323

advance-width
0.5

advance-height
1.0

bounding-box x-min y-min x-max y-max
0.029 -0.013 0.472 0.633 

glyph-info-end
