glyph
J

curves p1x p1y p2x p2y p3x p3y
0.073 0.562 0.073 0.597 0.073 0.632
0.073 0.632 0.2195 0.632 0.366 0.632
0.366 0.632 0.366 0.422 0.366 0.212
0.366 0.212 0.366 0.168 0.3565 0.129
0.3565 0.129 0.347 0.09 0.3235 0.0615
0.3235 0.0615 0.3 0.033 0.2605 0.0165
0.2605 0.0165 0.221 0.0 0.161 0.0
0.161 0.0 0.101 0.0 0.06 0.017
0.06 0.017 0.019 0.034 0.0 0.05
0.0 0.05 0.0165 0.0835 0.033 0.117
0.033 0.117 0.052 0.103 0.0835 0.087
0.0835 0.087 0.115 0.071 0.157 0.071
0.157 0.071 0.221 0.071 0.2525 0.105
0.2525 0.105 0.284 0.139 0.284 0.22
0.284 0.22 0.284 0.391 0.284 0.562
0.284 0.562 0.1785 0.562 0.073 0.562

advance-width
0.5

advance-height
1.0

bounding-box x-min y-min x-max y-max
0.054 -0.013 0.42 0.619 

glyph-info-end
