glyph
M

curves p1x p1y p2x p2y p3x p3y
0.219 0.311 0.267 0.465 0.315 0.619
0.315 0.619 0.3535 0.619 0.392 0.619
0.392 0.619 0.412 0.473 0.4205 0.32
0.4205 0.32 0.429 0.167 0.436 0.0
0.436 0.0 0.396 0.0 0.356 0.0
0.356 0.0 0.355 0.054 0.354 0.117
0.354 0.117 0.353 0.18 0.3515 0.247
0.3515 0.247 0.35 0.314 0.3485 0.383
0.3485 0.383 0.347 0.452 0.345 0.517
0.345 0.517 0.3 0.376 0.255 0.235
0.255 0.235 0.219 0.235 0.183 0.235
0.183 0.235 0.137 0.376 0.091 0.517
0.091 0.517 0.09 0.452 0.0885 0.3835
0.0885 0.3835 0.087 0.315 0.0855 0.2475
0.0855 0.2475 0.084 0.18 0.0825 0.117
0.0825 0.117 0.081 0.054 0.08 0.0
0.08 0.0 0.04 0.0 0.0 0.0
0.0 0.0 0.003 0.076 0.007 0.156
0.007 0.156 0.011 0.236 0.0165 0.315
0.0165 0.315 0.022 0.394 0.0295 0.471
0.0295 0.471 0.037 0.548 0.046 0.619
0.046 0.619 0.084 0.619 0.122 0.619
0.122 0.619 0.1705 0.465 0.219 0.311

advance-width
0.5

advance-height
1.0

bounding-box x-min y-min x-max y-max
0.032 0.0 0.468 0.619 

glyph-info-end
