glyph
B

curves p1x p1y p2x p2y p3x p3y
204.00 175.00 189.00 175.00 169.00 176.00
169.00 176.00 149.00 177.00 129.00 178.50
129.00 178.50 109.00 180.00 89.00 183.00
89.00 183.00 69.00 186.00 54.00 190.00
54.00 190.00 54.00 490.00 54.00 790.00
54.00 790.00 69.00 794.00 88.50 797.00
88.50 797.00 108.00 800.00 128.50 801.50
128.50 801.50 149.00 803.00 168.50 804.00
168.50 804.00 188.00 805.00 204.00 805.00
204.00 805.00 250.00 805.00 290.00 797.00
290.00 797.00 330.00 789.00 359.50 770.00
359.50 770.00 389.00 751.00 405.50 720.00
405.50 720.00 422.00 689.00 422.00 643.00
422.00 643.00 422.00 621.00 415.00 600.50
415.00 600.50 408.00 580.00 395.50 562.00
395.50 562.00 383.00 544.00 366.50 530.50
366.50 530.50 350.00 517.00 331.00 510.00
331.00 510.00 382.00 496.00 416.50 458.50
416.50 458.50 451.00 421.00 451.00 361.00
451.00 361.00 451.00 269.00 392.00 222.00
392.00 222.00 333.00 175.00 204.00 175.00
136.00 469.00 136.00 358.50 136.00 248.00
136.00 248.00 138.00 247.00 158.50 245.50
158.50 245.50 179.00 244.00 210.00 244.00
210.00 244.00 241.00 244.00 269.50 249.00
269.50 249.00 298.00 254.00 320.00 267.50
320.00 267.50 342.00 281.00 355.50 303.00
355.50 303.00 369.00 325.00 369.00 360.00
369.00 360.00 369.00 391.00 356.50 412.00
356.50 412.00 344.00 433.00 323.50 445.50
323.50 445.50 303.00 458.00 276.00 463.50
276.00 463.50 249.00 469.00 220.00 469.00
220.00 469.00 178.00 469.00 136.00 469.00
136.00 537.00 168.50 537.00 201.00 537.00
201.00 537.00 226.00 537.00 251.00 542.00
251.00 542.00 276.00 547.00 296.00 558.00
296.00 558.00 316.00 569.00 328.00 588.00
328.00 588.00 340.00 607.00 340.00 636.00
340.00 636.00 340.00 663.00 329.00 682.00
329.00 682.00 318.00 701.00 300.00 713.00
300.00 713.00 282.00 725.00 258.50 730.00
258.50 730.00 235.00 735.00 209.00 735.00
209.00 735.00 183.00 735.00 163.50 734.50
163.50 734.50 144.00 734.00 136.00 732.00
136.00 732.00 136.00 634.50 136.00 537.00

advance-width
500.00

render-box x-min y-min x-max y-max
0.00 0.00 500.00 890.00

glyph-info-end
