glyph
K

curves p1x p1y p2x p2y p3x p3y
0.406 0.619 0.357 0.546 0.2985 0.474
0.2985 0.474 0.24 0.402 0.172 0.33
0.172 0.33 0.204 0.303 0.24 0.267
0.24 0.267 0.276 0.231 0.3105 0.1885
0.3105 0.1885 0.345 0.146 0.3755 0.098
0.3755 0.098 0.406 0.05 0.427 0.0
0.427 0.0 0.3805 0.0 0.334 0.0
0.334 0.0 0.309 0.046 0.28 0.09
0.28 0.09 0.251 0.134 0.2185 0.172
0.2185 0.172 0.186 0.21 0.1515 0.2415
0.1515 0.2415 0.117 0.273 0.082 0.296
0.082 0.296 0.082 0.148 0.082 0.0
0.082 0.0 0.041 0.0 0.0 0.0
0.0 0.0 0.0 0.3095 0.0 0.619
0.0 0.619 0.041 0.619 0.082 0.619
0.082 0.619 0.082 0.481 0.082 0.343
0.082 0.343 0.147 0.41 0.2065 0.483
0.2065 0.483 0.266 0.556 0.311 0.619
0.311 0.619 0.3585 0.619 0.406 0.619

advance-width
0.5

advance-height
1.0

bounding-box x-min y-min x-max y-max
0.064 0.0 0.491 0.619 

glyph-info-end
