glyph
C

curves p1x p1y p2x p2y p3x p3y
460.00 206.00 425.00 186.00 385.50 176.50
385.50 176.50 346.00 167.00 301.00 167.00
301.00 167.00 246.00 167.00 199.50 186.50
199.50 186.50 153.00 206.00 119.00 245.50
119.00 245.50 85.00 285.00 65.50 346.00
65.50 346.00 46.00 407.00 46.00 490.00
46.00 490.00 46.00 569.00 66.50 629.00
66.50 629.00 87.00 689.00 122.00 730.00
122.00 730.00 157.00 771.00 204.00 792.00
204.00 792.00 251.00 813.00 304.00 813.00
304.00 813.00 341.00 813.00 379.50 803.00
379.50 803.00 418.00 793.00 455.00 770.00
455.00 770.00 443.00 736.00 431.00 702.00
431.00 702.00 365.00 740.00 307.00 740.00
307.00 740.00 266.00 740.00 233.50 722.50
233.50 722.50 201.00 705.00 178.00 672.00
178.00 672.00 155.00 639.00 142.50 593.00
142.50 593.00 130.00 547.00 130.00 490.00
130.00 490.00 130.00 426.00 143.50 379.00
143.50 379.00 157.00 332.00 181.00 301.00
181.00 301.00 205.00 270.00 238.50 255.00
238.50 255.00 272.00 240.00 311.00 240.00
311.00 240.00 340.00 240.00 372.00 247.50
372.00 247.50 404.00 255.00 438.00 274.00
438.00 274.00 449.00 240.00 460.00 206.00

advance-width
500.00

render-box x-min y-min x-max y-max
0.00 0.00 500.00 890.00

glyph-info-end
