glyph
W

curves p1x p1y p2x p2y p3x p3y
0.121 0.0 0.0825 0.0 0.044 0.0
0.044 0.0 0.035 0.061 0.0285 0.1345
0.0285 0.1345 0.022 0.208 0.0165 0.288
0.0165 0.288 0.011 0.368 0.007 0.452
0.007 0.452 0.003 0.536 0.0 0.619
0.0 0.619 0.04 0.619 0.08 0.619
0.08 0.619 0.0855 0.3605 0.091 0.102
0.091 0.102 0.136 0.243 0.181 0.384
0.181 0.384 0.217 0.384 0.253 0.384
0.253 0.384 0.299 0.243 0.345 0.102
0.345 0.102 0.3505 0.3605 0.356 0.619
0.356 0.619 0.396 0.619 0.436 0.619
0.436 0.619 0.433 0.535 0.4285 0.451
0.4285 0.451 0.424 0.367 0.418 0.2875
0.418 0.2875 0.412 0.208 0.405 0.135
0.405 0.135 0.398 0.062 0.39 0.0
0.39 0.0 0.352 0.0 0.314 0.0
0.314 0.0 0.2655 0.154 0.217 0.308
0.217 0.308 0.169 0.154 0.121 0.0

advance-width
0.5

advance-height
1.0

bounding-box x-min y-min x-max y-max
0.032 0.0 0.468 0.619 

glyph-info-end
