glyph
I

curves p1x p1y p2x p2y p3x p3y
0.202 0.549 0.202 0.3095 0.202 0.07
0.202 0.07 0.262 0.07 0.322 0.07
0.322 0.07 0.322 0.035 0.322 0.0
0.322 0.0 0.161 0.0 0.0 0.0
0.0 0.0 0.0 0.035 0.0 0.07
0.0 0.07 0.06 0.07 0.12 0.07
0.12 0.07 0.12 0.3095 0.12 0.549
0.12 0.549 0.06 0.549 0.0 0.549
0.0 0.549 0.0 0.584 0.0 0.619
0.0 0.619 0.161 0.619 0.322 0.619
0.322 0.619 0.322 0.584 0.322 0.549
0.322 0.549 0.262 0.549 0.202 0.549

advance-width
0.5

advance-height
1.0

bounding-box x-min y-min x-max y-max
0.089 0.0 0.411 0.619 

glyph-info-end
