glyph
E

curves p1x p1y p2x p2y p3x p3y
0.0 0.0 0.0 0.3095 0.0 0.619
0.0 0.619 0.1735 0.619 0.347 0.619
0.347 0.619 0.347 0.584 0.347 0.549
0.347 0.549 0.2145 0.549 0.082 0.549
0.082 0.549 0.082 0.454 0.082 0.359
0.082 0.359 0.198 0.359 0.314 0.359
0.314 0.359 0.314 0.324 0.314 0.289
0.314 0.289 0.198 0.289 0.082 0.289
0.082 0.289 0.082 0.1795 0.082 0.07
0.082 0.07 0.2255 0.07 0.369 0.07
0.369 0.07 0.369 0.035 0.369 0.0
0.369 0.0 0.1845 0.0 0.0 0.0

advance-width
0.5

advance-height
1.0

bounding-box x-min y-min x-max y-max
0.091 0.0 0.46 0.619 

glyph-info-end
