glyph
P

curves p1x p1y p2x p2y p3x p3y
235.00 805.00 290.00 805.00 331.50 791.00
331.50 791.00 373.00 777.00 400.50 751.50
400.50 751.50 428.00 726.00 441.50 691.00
441.50 691.00 455.00 656.00 455.00 613.00
455.00 613.00 455.00 516.00 398.00 463.50
398.00 463.50 341.00 411.00 227.00 411.00
227.00 411.00 191.00 411.00 155.00 411.00
155.00 411.00 155.00 295.50 155.00 180.00
155.00 180.00 114.00 180.00 73.00 180.00
73.00 180.00 73.00 485.00 73.00 790.00
73.00 790.00 91.00 794.00 112.50 797.00
112.50 797.00 134.00 800.00 155.50 802.00
155.50 802.00 177.00 804.00 197.50 804.50
197.50 804.50 218.00 805.00 235.00 805.00
241.00 734.00 215.00 734.00 191.00 733.50
191.00 733.50 167.00 733.00 155.00 731.00
155.00 731.00 155.00 606.00 155.00 481.00
155.00 481.00 189.00 481.00 223.00 481.00
223.00 481.00 298.00 481.00 334.50 511.00
334.50 511.00 371.00 541.00 371.00 610.00
371.00 610.00 371.00 734.00 241.00 734.00

advance-width
500.00

render-box x-min y-min x-max y-max
0.00 0.00 500.00 890.00

glyph-info-end
