glyph
X

curves p1x p1y p2x p2y p3x p3y
384.00 180.00 373.00 207.00 358.00 241.00
358.00 241.00 343.00 275.00 326.00 311.00
326.00 311.00 309.00 347.00 289.50 383.00
289.50 383.00 270.00 419.00 249.00 450.00
249.00 450.00 214.00 394.00 179.00 321.50
179.00 321.50 144.00 249.00 114.00 180.00
114.00 180.00 69.50 180.00 25.00 180.00
25.00 180.00 58.00 254.00 102.00 340.50
102.00 340.50 146.00 427.00 196.00 507.00
196.00 507.00 115.50 653.00 35.00 799.00
35.00 799.00 80.50 799.00 126.00 799.00
126.00 799.00 186.50 680.50 247.00 562.00
247.00 562.00 312.00 680.50 377.00 799.00
377.00 799.00 421.50 799.00 466.00 799.00
466.00 799.00 384.00 654.50 302.00 510.00
302.00 510.00 350.00 432.00 395.00 348.00
395.00 348.00 440.00 264.00 475.00 180.00
475.00 180.00 429.50 180.00 384.00 180.00

advance-width
500.00

render-box x-min y-min x-max y-max
0.00 0.00 500.00 890.00

glyph-info-end
