glyph
Z

curves p1x p1y p2x p2y p3x p3y
447.00 735.00 415.00 691.00 375.50 630.50
375.50 630.50 336.00 570.00 295.00 504.00
295.00 504.00 254.00 438.00 215.50 371.50
215.50 371.50 177.00 305.00 148.00 250.00
148.00 250.00 301.50 250.00 455.00 250.00
455.00 250.00 455.00 215.00 455.00 180.00
455.00 180.00 254.50 180.00 54.00 180.00
54.00 180.00 54.00 207.00 54.00 234.00
54.00 234.00 85.00 297.00 122.50 363.50
122.50 363.50 160.00 430.00 199.00 494.00
199.00 494.00 238.00 558.00 277.00 618.00
277.00 618.00 316.00 678.00 352.00 729.00
352.00 729.00 210.50 729.00 69.00 729.00
69.00 729.00 69.00 764.00 69.00 799.00
69.00 799.00 258.00 799.00 447.00 799.00
447.00 799.00 447.00 767.00 447.00 735.00

advance-width
500.00

render-box x-min y-min x-max y-max
0.00 0.00 500.00 890.00

glyph-info-end
