glyph
F

curves p1x p1y p2x p2y p3x p3y
0.0 0.0 0.0 0.3095 0.0 0.619
0.0 0.619 0.1755 0.619 0.351 0.619
0.351 0.619 0.351 0.584 0.351 0.549
0.351 0.549 0.2165 0.549 0.082 0.549
0.082 0.549 0.082 0.4525 0.082 0.356
0.082 0.356 0.2005 0.356 0.319 0.356
0.319 0.356 0.319 0.3215 0.319 0.287
0.319 0.287 0.2005 0.287 0.082 0.287
0.082 0.287 0.082 0.1435 0.082 0.0
0.082 0.0 0.041 0.0 0.0 0.0

advance-width
0.5

advance-height
1.0

bounding-box x-min y-min x-max y-max
0.091 0.0 0.442 0.619 

glyph-info-end
