glyph
C

curves p1x p1y p2x p2y p3x p3y
0.414 0.039 0.379 0.019 0.3395 0.0095
0.3395 0.0095 0.3 0.0 0.255 0.0
0.255 0.0 0.2 0.0 0.1535 0.0195
0.1535 0.0195 0.107 0.039 0.073 0.0785
0.073 0.0785 0.039 0.118 0.0195 0.179
0.0195 0.179 0.0 0.24 0.0 0.323
0.0 0.323 0.0 0.402 0.0205 0.462
0.0205 0.462 0.041 0.522 0.076 0.563
0.076 0.563 0.111 0.604 0.158 0.625
0.158 0.625 0.205 0.646 0.258 0.646
0.258 0.646 0.295 0.646 0.3335 0.636
0.3335 0.636 0.372 0.626 0.409 0.603
0.409 0.603 0.397 0.569 0.385 0.535
0.385 0.535 0.319 0.573 0.261 0.573
0.261 0.573 0.22 0.573 0.1875 0.5555
0.1875 0.5555 0.155 0.538 0.132 0.505
0.132 0.505 0.109 0.472 0.0965 0.426
0.0965 0.426 0.084 0.38 0.084 0.323
0.084 0.323 0.084 0.259 0.0975 0.212
0.0975 0.212 0.111 0.165 0.135 0.134
0.135 0.134 0.159 0.103 0.1925 0.088
0.1925 0.088 0.226 0.073 0.265 0.073
0.265 0.073 0.294 0.073 0.326 0.0805
0.326 0.0805 0.358 0.088 0.392 0.107
0.392 0.107 0.403 0.073 0.414 0.039

advance-width
0.5

advance-height
1.0

bounding-box x-min y-min x-max y-max
0.046 -0.013 0.46 0.633 

glyph-info-end
