glyph
c

curves p1x p1y p2x p2y p3x p3y
0.0 0.242 0.0 0.305 0.02 0.351
0.02 0.351 0.04 0.397 0.075 0.427
0.075 0.427 0.11 0.457 0.1565 0.4715
0.1565 0.4715 0.203 0.486 0.256 0.486
0.256 0.486 0.29 0.486 0.3235 0.4815
0.3235 0.4815 0.357 0.477 0.395 0.465
0.395 0.465 0.3855 0.4295 0.376 0.394
0.376 0.394 0.343 0.406 0.3155 0.4095
0.3155 0.4095 0.288 0.413 0.26 0.413
0.26 0.413 0.224 0.413 0.192 0.4035
0.192 0.4035 0.16 0.394 0.1365 0.3735
0.1365 0.3735 0.113 0.353 0.099 0.3205
0.099 0.3205 0.085 0.288 0.085 0.242
0.085 0.242 0.085 0.198 0.098 0.1665
0.098 0.1665 0.111 0.135 0.1345 0.1145
0.1345 0.1145 0.158 0.094 0.191 0.084
0.191 0.084 0.224 0.074 0.264 0.074
0.264 0.074 0.296 0.074 0.3255 0.0775
0.3255 0.0775 0.355 0.081 0.39 0.093
0.39 0.093 0.396 0.0585 0.402 0.024
0.402 0.024 0.367 0.011 0.331 0.0055
0.331 0.0055 0.295 0.0 0.253 0.0
0.253 0.0 0.197 0.0 0.1505 0.0155
0.1505 0.0155 0.104 0.031 0.0705 0.061
0.0705 0.061 0.037 0.091 0.0185 0.1365
0.0185 0.1365 0.0 0.182 0.0 0.242

advance-width
0.5

advance-height
1.0

bounding-box x-min y-min x-max y-max
0.049 -0.011 0.451 0.475 

glyph-info-end
