glyph
)

curves p1x p1y p2x p2y p3x p3y
115.00 73.00 208.00 145.00 257.50 239.00
257.50 239.00 307.00 333.00 307.00 444.00
307.00 444.00 307.00 500.00 295.50 550.00
295.50 550.00 284.00 600.00 260.00 646.00
260.00 646.00 236.00 692.00 199.50 735.00
199.50 735.00 163.00 778.00 113.00 821.00
113.00 821.00 135.50 851.00 158.00 881.00
158.00 881.00 273.00 796.00 329.50 683.50
329.50 683.50 386.00 571.00 386.00 446.00
386.00 446.00 386.00 384.00 371.50 324.00
371.50 324.00 357.00 264.00 328.50 208.50
328.50 208.50 300.00 153.00 257.50 103.50
257.50 103.50 215.00 54.00 158.00 13.00
158.00 13.00 136.00 43.00 114.00 73.00
114.00 73.00 114.50 73.00 115.00 73.00

advance-width
500.00

render-box x-min y-min x-max y-max
0.00 0.00 500.00 890.00

glyph-info-end
