glyph
}

curves p1x p1y p2x p2y p3x p3y
0.348 0.4 0.328 0.4 0.308 0.4
0.308 0.4 0.291 0.4 0.2785 0.3925
0.2785 0.3925 0.266 0.385 0.2575 0.3725
0.2575 0.3725 0.249 0.36 0.2445 0.3445
0.2445 0.3445 0.24 0.329 0.24 0.313
0.24 0.313 0.24 0.2325 0.24 0.152
0.24 0.152 0.24 0.115 0.2325 0.087
0.2325 0.087 0.225 0.059 0.2065 0.0395
0.2065 0.0395 0.188 0.02 0.1575 0.01
0.1575 0.01 0.127 0.0 0.081 0.0
0.081 0.0 0.0405 0.0 0.0 0.0
0.0 0.0 0.0 0.0325 0.0 0.065
0.0 0.065 0.0425 0.065 0.085 0.065
0.085 0.065 0.127 0.065 0.1445 0.084
0.1445 0.084 0.162 0.103 0.162 0.153
0.162 0.153 0.162 0.222 0.162 0.291
0.162 0.291 0.162 0.358 0.182 0.3895
0.182 0.3895 0.202 0.421 0.228 0.432
0.228 0.432 0.202 0.444 0.182 0.477
0.182 0.477 0.162 0.51 0.162 0.573
0.162 0.573 0.162 0.642 0.162 0.711
0.162 0.711 0.162 0.761 0.144 0.78
0.144 0.78 0.126 0.799 0.084 0.799
0.084 0.799 0.042 0.799 0.0 0.799
0.0 0.799 0.0 0.8315 0.0 0.864
0.0 0.864 0.0405 0.864 0.081 0.864
0.081 0.864 0.127 0.864 0.1575 0.854
0.1575 0.854 0.188 0.844 0.2065 0.8245
0.2065 0.8245 0.225 0.805 0.2325 0.777
0.2325 0.777 0.24 0.749 0.24 0.712
0.24 0.712 0.24 0.6315 0.24 0.551
0.24 0.551 0.24 0.536 0.244 0.5205
0.244 0.5205 0.248 0.505 0.2565 0.4925
0.2565 0.4925 0.265 0.48 0.2775 0.472
0.2775 0.472 0.29 0.464 0.307 0.464
0.307 0.464 0.3275 0.464 0.348 0.464
0.348 0.464 0.348 0.432 0.348 0.4

advance-width
0.5

advance-height
1.0

bounding-box x-min y-min x-max y-max
0.073 -0.165 0.421 0.699 

glyph-info-end
