glyph
:

curves p1x p1y p2x p2y p3x p3y
0.147 0.399 0.147 0.369 0.127 0.346
0.127 0.346 0.107 0.323 0.074 0.323
0.074 0.323 0.04 0.323 0.02 0.346
0.02 0.346 0.0 0.369 0.0 0.399
0.0 0.399 0.0 0.43 0.02 0.453
0.02 0.453 0.04 0.476 0.074 0.476
0.074 0.476 0.107 0.476 0.127 0.453
0.127 0.453 0.147 0.43 0.147 0.399
0.147 0.076 0.147 0.046 0.127 0.023
0.127 0.023 0.107 0.0 0.074 0.0
0.074 0.0 0.04 0.0 0.02 0.023
0.02 0.023 0.0 0.046 0.0 0.076
0.0 0.076 0.0 0.107 0.02 0.13
0.02 0.13 0.04 0.153 0.074 0.153
0.074 0.153 0.107 0.153 0.127 0.13
0.127 0.13 0.147 0.107 0.147 0.076

advance-width
0.5

advance-height
1.0

bounding-box x-min y-min x-max y-max
0.177 -0.012 0.324 0.464 

glyph-info-end
