glyph
,

curves p1x p1y p2x p2y p3x p3y
149.00 101.00 167.00 105.00 184.50 109.00
184.50 109.00 202.00 113.00 217.00 120.50
217.00 120.50 232.00 128.00 244.00 139.50
244.00 139.50 256.00 151.00 263.00 171.00
263.00 171.00 231.00 174.00 216.50 195.50
216.50 195.50 202.00 217.00 202.00 238.00
202.00 238.00 202.00 278.00 224.50 298.50
224.50 298.50 247.00 319.00 276.00 319.00
276.00 319.00 313.00 319.00 332.00 292.50
332.00 292.50 351.00 266.00 351.00 228.00
351.00 228.00 351.00 199.00 339.50 167.50
339.50 167.50 328.00 136.00 304.50 108.50
304.50 108.50 281.00 81.00 246.00 61.50
246.00 61.50 211.00 42.00 163.00 36.00
163.00 36.00 156.00 68.50 149.00 101.00

advance-width
500.00

render-box x-min y-min x-max y-max
0.00 0.00 500.00 890.00

glyph-info-end
