glyph
D

curves p1x p1y p2x p2y p3x p3y
0.406 0.315 0.406 0.229 0.3845 0.169
0.3845 0.169 0.363 0.109 0.3255 0.0715
0.3255 0.0715 0.288 0.034 0.2365 0.017
0.2365 0.017 0.185 0.0 0.125 0.0
0.125 0.0 0.063 0.0 0.0 0.015
0.0 0.015 0.0 0.315 0.0 0.615
0.0 0.615 0.063 0.63 0.125 0.63
0.125 0.63 0.185 0.63 0.2365 0.613
0.2365 0.613 0.288 0.596 0.3255 0.558
0.3255 0.558 0.363 0.52 0.3845 0.46
0.3845 0.46 0.406 0.4 0.406 0.315
0.082 0.074 0.107 0.071 0.133 0.071
0.133 0.071 0.178 0.071 0.213 0.0845
0.213 0.0845 0.248 0.098 0.272 0.1275
0.272 0.1275 0.296 0.157 0.309 0.2035
0.309 0.2035 0.322 0.25 0.322 0.315
0.322 0.315 0.322 0.441 0.2735 0.5
0.2735 0.5 0.225 0.559 0.13 0.559
0.13 0.559 0.117 0.559 0.1045 0.5585
0.1045 0.5585 0.092 0.558 0.082 0.556
0.082 0.556 0.082 0.315 0.082 0.074

advance-width
0.5

advance-height
1.0

bounding-box x-min y-min x-max y-max
0.054 -0.005 0.46 0.625 

glyph-info-end
