glyph
d

curves p1x p1y p2x p2y p3x p3y
0.306 0.377 0.292 0.39 0.265 0.4015
0.265 0.4015 0.238 0.413 0.209 0.413
0.209 0.413 0.176 0.413 0.1525 0.4
0.1525 0.4 0.129 0.387 0.114 0.3645
0.114 0.3645 0.099 0.342 0.092 0.3105
0.092 0.3105 0.085 0.279 0.085 0.243
0.085 0.243 0.085 0.162 0.123 0.118
0.123 0.118 0.161 0.074 0.222 0.074
0.222 0.074 0.253 0.074 0.2745 0.077
0.2745 0.077 0.296 0.08 0.306 0.083
0.306 0.083 0.306 0.23 0.306 0.377
0.306 0.69 0.3475 0.697 0.389 0.704
0.389 0.704 0.389 0.364 0.389 0.024
0.389 0.024 0.362 0.016 0.32 0.008
0.32 0.008 0.278 0.0 0.222 0.0
0.222 0.0 0.172 0.0 0.131 0.017
0.131 0.017 0.09 0.034 0.061 0.0655
0.061 0.0655 0.032 0.097 0.016 0.142
0.016 0.142 0.0 0.187 0.0 0.243
0.0 0.243 0.0 0.297 0.0135 0.3415
0.0135 0.3415 0.027 0.386 0.053 0.418
0.053 0.418 0.079 0.45 0.1155 0.468
0.1155 0.468 0.152 0.486 0.199 0.486
0.199 0.486 0.236 0.486 0.264 0.477
0.264 0.477 0.292 0.468 0.306 0.458
0.306 0.458 0.306 0.574 0.306 0.69

advance-width
0.5

advance-height
1.0

bounding-box x-min y-min x-max y-max
0.04 -0.011 0.429 0.693 

glyph-info-end
