glyph
$

curves p1x p1y p2x p2y p3x p3y
0.179 0.182 0.215 0.182 0.2395 0.1875
0.2395 0.1875 0.264 0.193 0.278 0.2035
0.278 0.2035 0.292 0.214 0.298 0.2285
0.298 0.2285 0.304 0.243 0.304 0.26
0.304 0.26 0.304 0.285 0.292 0.3025
0.292 0.3025 0.28 0.32 0.2595 0.3335
0.2595 0.3335 0.239 0.347 0.213 0.3575
0.213 0.3575 0.187 0.368 0.159 0.378
0.159 0.378 0.132 0.388 0.1055 0.4
0.1055 0.4 0.079 0.412 0.0585 0.4295
0.0585 0.4295 0.038 0.447 0.025 0.4715
0.025 0.4715 0.012 0.496 0.012 0.532
0.012 0.532 0.012 0.596 0.05 0.636
0.05 0.636 0.088 0.676 0.16 0.687
0.16 0.687 0.16 0.7385 0.16 0.79
0.16 0.79 0.197 0.79 0.234 0.79
0.234 0.79 0.234 0.74 0.234 0.69
0.234 0.69 0.274 0.688 0.3075 0.6805
0.3075 0.6805 0.341 0.673 0.361 0.665
0.361 0.665 0.3525 0.63 0.344 0.595
0.344 0.595 0.323 0.603 0.291 0.6115
0.291 0.6115 0.259 0.62 0.21 0.62
0.21 0.62 0.156 0.62 0.1275 0.6
0.1275 0.6 0.099 0.58 0.099 0.542
0.099 0.542 0.099 0.521 0.1075 0.507
0.1075 0.507 0.116 0.493 0.132 0.482
0.132 0.482 0.148 0.471 0.1695 0.462
0.1695 0.462 0.191 0.453 0.218 0.443
0.218 0.443 0.252 0.43 0.284 0.4155
0.284 0.4155 0.316 0.401 0.34 0.381
0.34 0.381 0.364 0.361 0.3785 0.333
0.3785 0.333 0.393 0.305 0.393 0.266
0.393 0.266 0.393 0.207 0.354 0.166
0.354 0.166 0.315 0.125 0.234 0.115
0.234 0.115 0.234 0.0575 0.234 0.0
0.234 0.0 0.197 0.0 0.16 0.0
0.16 0.0 0.16 0.056 0.16 0.112
0.16 0.112 0.097 0.114 0.058 0.126
0.058 0.126 0.019 0.138 0.0 0.149
0.0 0.149 0.011 0.1835 0.022 0.218
0.022 0.218 0.049 0.205 0.086 0.1935
0.086 0.1935 0.123 0.182 0.179 0.182

advance-width
0.5

advance-height
1.0

bounding-box x-min y-min x-max y-max
0.054 -0.097 0.447 0.693 

glyph-info-end
