glyph
e

curves p1x p1y p2x p2y p3x p3y
0.219 0.486 0.313 0.486 0.364 0.4275
0.364 0.4275 0.415 0.369 0.415 0.25
0.415 0.25 0.415 0.2355 0.415 0.221
0.415 0.221 0.249 0.221 0.083 0.221
0.083 0.221 0.088 0.149 0.1305 0.1115
0.1305 0.1115 0.173 0.074 0.25 0.074
0.25 0.074 0.294 0.074 0.325 0.081
0.325 0.081 0.356 0.088 0.372 0.096
0.372 0.096 0.3775 0.061 0.383 0.026
0.383 0.026 0.368 0.018 0.329 0.009
0.329 0.009 0.29 0.0 0.241 0.0
0.241 0.0 0.181 0.0 0.1355 0.0185
0.1355 0.0185 0.09 0.037 0.06 0.069
0.06 0.069 0.03 0.101 0.015 0.1455
0.015 0.1455 0.0 0.19 0.0 0.242
0.0 0.242 0.0 0.304 0.019 0.35
0.019 0.35 0.038 0.396 0.069 0.426
0.069 0.426 0.1 0.456 0.139 0.471
0.139 0.471 0.178 0.486 0.219 0.486
0.331 0.288 0.331 0.347 0.3 0.3815
0.3 0.3815 0.269 0.416 0.218 0.416
0.218 0.416 0.189 0.416 0.1655 0.405
0.1655 0.405 0.142 0.394 0.125 0.376
0.125 0.376 0.108 0.358 0.098 0.335
0.098 0.335 0.088 0.312 0.085 0.288
0.085 0.288 0.208 0.288 0.331 0.288

advance-width
0.5

advance-height
1.0

bounding-box x-min y-min x-max y-max
0.04 -0.011 0.455 0.475 

glyph-info-end
