glyph
8

curves p1x p1y p2x p2y p3x p3y
0.398 0.174 0.398 0.096 0.3485 0.048
0.3485 0.048 0.299 0.0 0.198 0.0
0.198 0.0 0.14 0.0 0.102 0.0155
0.102 0.0155 0.064 0.031 0.0415 0.0555
0.0415 0.0555 0.019 0.08 0.0095 0.11
0.0095 0.11 0.0 0.14 0.0 0.169
0.0 0.169 0.0 0.222 0.029 0.263
0.029 0.263 0.058 0.304 0.098 0.329
0.098 0.329 0.013 0.377 0.013 0.476
0.013 0.476 0.013 0.51 0.026 0.541
0.026 0.541 0.039 0.572 0.063 0.595
0.063 0.595 0.087 0.618 0.1215 0.632
0.1215 0.632 0.156 0.646 0.199 0.646
0.199 0.646 0.249 0.646 0.2845 0.631
0.2845 0.631 0.32 0.616 0.342 0.5925
0.342 0.5925 0.364 0.569 0.374 0.5405
0.374 0.5405 0.384 0.512 0.384 0.485
0.384 0.485 0.384 0.432 0.357 0.3935
0.357 0.3935 0.33 0.355 0.295 0.332
0.295 0.332 0.398 0.283 0.398 0.174
0.08 0.168 0.08 0.152 0.086 0.1345
0.086 0.1345 0.092 0.117 0.106 0.102
0.106 0.102 0.12 0.087 0.143 0.0775
0.143 0.0775 0.166 0.068 0.199 0.068
0.199 0.068 0.23 0.068 0.2525 0.0765
0.2525 0.0765 0.275 0.085 0.2895 0.0995
0.2895 0.0995 0.304 0.114 0.311 0.132
0.311 0.132 0.318 0.15 0.318 0.168
0.318 0.168 0.318 0.225 0.277 0.2555
0.277 0.2555 0.236 0.286 0.164 0.302
0.164 0.302 0.124 0.28 0.102 0.247
0.102 0.247 0.08 0.214 0.08 0.168
0.304 0.485 0.304 0.498 0.298 0.5145
0.298 0.5145 0.292 0.531 0.2795 0.5445
0.2795 0.5445 0.267 0.558 0.247 0.5675
0.247 0.5675 0.227 0.577 0.199 0.577
0.199 0.577 0.17 0.577 0.1505 0.568
0.1505 0.568 0.131 0.559 0.118 0.5455
0.118 0.5455 0.105 0.532 0.0995 0.5155
0.0995 0.5155 0.094 0.499 0.094 0.483
0.094 0.483 0.094 0.442 0.1235 0.4065
0.1235 0.4065 0.153 0.371 0.221 0.355
0.221 0.355 0.259 0.377 0.2815 0.407
0.2815 0.407 0.304 0.437 0.304 0.485

advance-width
0.5

advance-height
1.0

bounding-box x-min y-min x-max y-max
0.051 -0.013 0.449 0.633 

glyph-info-end
