glyph
!

curves p1x p1y p2x p2y p3x p3y
0.112 0.463 0.112 0.426 0.111 0.395
0.111 0.395 0.11 0.364 0.1075 0.336
0.1075 0.336 0.105 0.308 0.102 0.2805
0.102 0.2805 0.099 0.253 0.096 0.223
0.096 0.223 0.0675 0.223 0.039 0.223
0.039 0.223 0.036 0.253 0.033 0.2805
0.033 0.2805 0.03 0.308 0.0275 0.336
0.0275 0.336 0.025 0.364 0.024 0.395
0.024 0.395 0.023 0.426 0.023 0.463
0.023 0.463 0.023 0.547 0.023 0.631
0.023 0.631 0.0675 0.631 0.112 0.631
0.112 0.631 0.112 0.547 0.112 0.463
0.067 0.0 0.04 0.0 0.02 0.0185
0.02 0.0185 0.0 0.037 0.0 0.068
0.0 0.068 0.0 0.099 0.02 0.1175
0.02 0.1175 0.04 0.136 0.067 0.136
0.067 0.136 0.095 0.136 0.1145 0.1175
0.1145 0.1175 0.134 0.099 0.134 0.068
0.134 0.068 0.134 0.037 0.1145 0.0185
0.1145 0.0185 0.095 0.0 0.067 0.0

advance-width
0.5

advance-height
1.0

bounding-box x-min y-min x-max y-max
0.181 -0.012 0.315 0.619 

glyph-info-end
