glyph
f

curves p1x p1y p2x p2y p3x p3y
0.098 0.0 0.098 0.1975 0.098 0.395
0.098 0.395 0.049 0.395 0.0 0.395
0.0 0.395 0.0 0.4295 0.0 0.464
0.0 0.464 0.049 0.464 0.098 0.464
0.098 0.464 0.098 0.485 0.098 0.506
0.098 0.506 0.098 0.56 0.113 0.5955
0.113 0.5955 0.128 0.631 0.1525 0.653
0.1525 0.653 0.177 0.675 0.2095 0.684
0.2095 0.684 0.242 0.693 0.278 0.693
0.278 0.693 0.314 0.693 0.3505 0.685
0.3505 0.685 0.387 0.677 0.419 0.666
0.419 0.666 0.4115 0.6305 0.404 0.595
0.404 0.595 0.382 0.606 0.349 0.614
0.349 0.614 0.316 0.622 0.282 0.622
0.282 0.622 0.261 0.622 0.2425 0.6165
0.2425 0.6165 0.224 0.611 0.21 0.5975
0.21 0.5975 0.196 0.584 0.188 0.5615
0.188 0.5615 0.18 0.539 0.18 0.505
0.18 0.505 0.18 0.4845 0.18 0.464
0.18 0.464 0.2735 0.464 0.367 0.464
0.367 0.464 0.367 0.4295 0.367 0.395
0.367 0.395 0.2735 0.395 0.18 0.395
0.18 0.395 0.18 0.1975 0.18 0.0
0.18 0.0 0.139 0.0 0.098 0.0

advance-width
0.5

advance-height
1.0

bounding-box x-min y-min x-max y-max
0.063 0.0 0.482 0.693 

glyph-info-end
