glyph
5

curves p1x p1y p2x p2y p3x p3y
0.12 0.393 0.254 0.388 0.315 0.334
0.315 0.334 0.376 0.28 0.376 0.189
0.376 0.189 0.376 0.148 0.363 0.113
0.363 0.113 0.35 0.078 0.3225 0.053
0.3225 0.053 0.295 0.028 0.2525 0.014
0.2525 0.014 0.21 0.0 0.152 0.0
0.152 0.0 0.128 0.0 0.1045 0.0035
0.1045 0.0035 0.081 0.007 0.06 0.012
0.06 0.012 0.039 0.017 0.023 0.0225
0.023 0.0225 0.007 0.028 0.0 0.032
0.0 0.032 0.008 0.0675 0.016 0.103
0.016 0.103 0.032 0.095 0.0655 0.084
0.0655 0.084 0.099 0.073 0.15 0.073
0.15 0.073 0.19 0.073 0.217 0.082
0.217 0.082 0.244 0.091 0.2605 0.1065
0.2605 0.1065 0.277 0.122 0.2845 0.142
0.2845 0.142 0.292 0.162 0.292 0.184
0.292 0.184 0.292 0.218 0.2805 0.2445
0.2805 0.2445 0.269 0.271 0.2405 0.289
0.2405 0.289 0.212 0.307 0.1625 0.3165
0.1625 0.3165 0.113 0.326 0.038 0.326
0.038 0.326 0.044 0.37 0.0475 0.4085
0.0475 0.4085 0.051 0.447 0.0535 0.4835
0.0535 0.4835 0.056 0.52 0.0575 0.556
0.0575 0.556 0.059 0.592 0.061 0.632
0.061 0.632 0.21 0.632 0.359 0.632
0.359 0.632 0.359 0.597 0.359 0.562
0.359 0.562 0.246 0.562 0.133 0.562
0.133 0.562 0.132 0.548 0.1305 0.5255
0.1305 0.5255 0.129 0.503 0.127 0.478
0.127 0.478 0.125 0.453 0.123 0.43
0.123 0.43 0.121 0.407 0.12 0.393

advance-width
0.5

advance-height
1.0

bounding-box x-min y-min x-max y-max
0.066 -0.013 0.442 0.619 

glyph-info-end
