glyph
4

curves p1x p1y p2x p2y p3x p3y
36.00 394.00 53.00 434.00 82.50 486.00
82.50 486.00 112.00 538.00 149.00 593.50
149.00 593.50 186.00 649.00 228.00 702.50
228.00 702.50 270.00 756.00 313.00 799.00
313.00 799.00 353.00 799.00 393.00 799.00
393.00 799.00 393.00 602.50 393.00 406.00
393.00 406.00 429.50 406.00 466.00 406.00
466.00 406.00 466.00 372.00 466.00 338.00
466.00 338.00 429.50 338.00 393.00 338.00
393.00 338.00 393.00 259.00 393.00 180.00
393.00 180.00 353.00 180.00 313.00 180.00
313.00 180.00 313.00 259.00 313.00 338.00
313.00 338.00 174.50 338.00 36.00 338.00
36.00 338.00 36.00 366.00 36.00 394.00
313.00 701.00 286.00 672.00 258.50 637.00
258.50 637.00 231.00 602.00 205.00 563.50
205.00 563.50 179.00 525.00 156.50 485.00
156.50 485.00 134.00 445.00 116.00 406.00
116.00 406.00 214.50 406.00 313.00 406.00
313.00 406.00 313.00 553.50 313.00 701.00

advance-width
500.00

render-box x-min y-min x-max y-max
0.00 0.00 500.00 890.00

glyph-info-end
