glyph
G

curves p1x p1y p2x p2y p3x p3y
0.327 0.318 0.368 0.318 0.409 0.318
0.409 0.318 0.409 0.173 0.409 0.028
0.409 0.028 0.39 0.021 0.348 0.0105
0.348 0.0105 0.306 0.0 0.249 0.0
0.249 0.0 0.193 0.0 0.147 0.0215
0.147 0.0215 0.101 0.043 0.0685 0.084
0.0685 0.084 0.036 0.125 0.018 0.1855
0.018 0.1855 0.0 0.246 0.0 0.323
0.0 0.323 0.0 0.401 0.02 0.461
0.02 0.461 0.04 0.521 0.0745 0.562
0.0745 0.562 0.109 0.603 0.155 0.6245
0.155 0.6245 0.201 0.646 0.254 0.646
0.254 0.646 0.288 0.646 0.314 0.641
0.314 0.641 0.34 0.636 0.3585 0.629
0.3585 0.629 0.377 0.622 0.389 0.6145
0.389 0.6145 0.401 0.607 0.407 0.603
0.407 0.603 0.3935 0.5685 0.38 0.534
0.38 0.534 0.357 0.552 0.3255 0.5635
0.3255 0.5635 0.294 0.575 0.259 0.575
0.259 0.575 0.221 0.575 0.1885 0.557
0.1885 0.557 0.156 0.539 0.133 0.506
0.133 0.506 0.11 0.473 0.097 0.4265
0.097 0.4265 0.084 0.38 0.084 0.323
0.084 0.323 0.084 0.267 0.0955 0.221
0.0955 0.221 0.107 0.175 0.129 0.142
0.129 0.142 0.151 0.109 0.1835 0.0905
0.1835 0.0905 0.216 0.072 0.258 0.072
0.258 0.072 0.287 0.072 0.303 0.076
0.303 0.076 0.319 0.08 0.327 0.084
0.327 0.084 0.327 0.201 0.327 0.318

advance-width
0.5

advance-height
1.0

bounding-box x-min y-min x-max y-max
0.046 -0.013 0.455 0.633 

glyph-info-end
