glyph
g

curves p1x p1y p2x p2y p3x p3y
0.306 0.211 0.292 0.203 0.263 0.194
0.263 0.194 0.234 0.185 0.196 0.185
0.196 0.185 0.155 0.185 0.1195 0.1985
0.1195 0.1985 0.084 0.212 0.0575 0.2395
0.0575 0.2395 0.031 0.267 0.0155 0.3095
0.0155 0.3095 0.0 0.352 0.0 0.41
0.0 0.41 0.0 0.461 0.0145 0.5035
0.0145 0.5035 0.029 0.546 0.0565 0.577
0.0565 0.577 0.084 0.608 0.124 0.6255
0.124 0.6255 0.164 0.643 0.215 0.643
0.215 0.643 0.275 0.643 0.3175 0.6345
0.3175 0.6345 0.36 0.626 0.389 0.618
0.389 0.618 0.389 0.411 0.389 0.204
0.389 0.204 0.389 0.096 0.3345 0.048
0.3345 0.048 0.28 0.0 0.17 0.0
0.17 0.0 0.125 0.0 0.0885 0.007
0.0885 0.007 0.052 0.014 0.024 0.024
0.024 0.024 0.0315 0.0605 0.039 0.097
0.039 0.097 0.065 0.086 0.0985 0.079
0.0985 0.079 0.132 0.072 0.172 0.072
0.172 0.072 0.244 0.072 0.275 0.101
0.275 0.101 0.306 0.13 0.306 0.195
0.306 0.195 0.306 0.203 0.306 0.211
0.306 0.559 0.294 0.563 0.273 0.5665
0.273 0.5665 0.252 0.57 0.216 0.57
0.216 0.57 0.152 0.57 0.1185 0.526
0.1185 0.526 0.085 0.482 0.085 0.409
0.085 0.409 0.085 0.369 0.0945 0.3405
0.0945 0.3405 0.104 0.312 0.1205 0.2935
0.1205 0.2935 0.137 0.275 0.158 0.2665
0.158 0.2665 0.179 0.258 0.203 0.258
0.203 0.258 0.234 0.258 0.2615 0.267
0.2615 0.267 0.289 0.276 0.306 0.288
0.306 0.288 0.306 0.4235 0.306 0.559

advance-width
0.5

advance-height
1.0

bounding-box x-min y-min x-max y-max
0.04 -0.168 0.429 0.475 

glyph-info-end
