glyph
h

curves p1x p1y p2x p2y p3x p3y
0.0 0.0 0.0 0.3395 0.0 0.679
0.0 0.679 0.0415 0.686 0.083 0.693
0.083 0.693 0.083 0.575 0.083 0.457
0.083 0.457 0.103 0.465 0.128 0.4695
0.128 0.4695 0.153 0.474 0.177 0.474
0.177 0.474 0.23 0.474 0.2655 0.4585
0.2655 0.4585 0.301 0.443 0.322 0.415
0.322 0.415 0.343 0.387 0.352 0.348
0.352 0.348 0.361 0.309 0.361 0.262
0.361 0.262 0.361 0.131 0.361 0.0
0.361 0.0 0.32 0.0 0.279 0.0
0.279 0.0 0.279 0.122 0.279 0.244
0.279 0.244 0.279 0.33 0.255 0.3655
0.255 0.3655 0.231 0.401 0.169 0.401
0.169 0.401 0.143 0.401 0.1185 0.3955
0.1185 0.3955 0.094 0.39 0.083 0.385
0.083 0.385 0.083 0.1925 0.083 0.0
0.083 0.0 0.0415 0.0 0.0 0.0

advance-width
0.5

advance-height
1.0

bounding-box x-min y-min x-max y-max
0.071 0.0 0.432 0.693 

glyph-info-end
