glyph
i

curves p1x p1y p2x p2y p3x p3y
0.155 0.547 0.129 0.547 0.11 0.565
0.11 0.565 0.091 0.583 0.091 0.614
0.091 0.614 0.091 0.645 0.11 0.663
0.11 0.663 0.129 0.681 0.155 0.681
0.155 0.681 0.182 0.681 0.2005 0.663
0.2005 0.663 0.219 0.645 0.219 0.614
0.219 0.614 0.219 0.583 0.2005 0.565
0.2005 0.565 0.182 0.547 0.155 0.547
0.134 0.406 0.067 0.406 0.0 0.406
0.0 0.406 0.0 0.4405 0.0 0.475
0.0 0.475 0.108 0.475 0.216 0.475
0.216 0.475 0.216 0.3325 0.216 0.19
0.216 0.19 0.216 0.121 0.235 0.0975
0.235 0.0975 0.254 0.074 0.292 0.074
0.292 0.074 0.321 0.074 0.3455 0.081
0.3455 0.081 0.37 0.088 0.384 0.096
0.384 0.096 0.39 0.061 0.396 0.026
0.396 0.026 0.39 0.023 0.379 0.0185
0.379 0.0185 0.368 0.014 0.3535 0.01
0.3535 0.01 0.339 0.006 0.3215 0.003
0.3215 0.003 0.304 0.0 0.285 0.0
0.285 0.0 0.241 0.0 0.212 0.012
0.212 0.012 0.183 0.024 0.1655 0.048
0.1655 0.048 0.148 0.072 0.141 0.1075
0.141 0.1075 0.134 0.143 0.134 0.19
0.134 0.19 0.134 0.298 0.134 0.406

advance-width
0.5

advance-height
1.0

bounding-box x-min y-min x-max y-max
0.054 -0.011 0.45 0.67 

glyph-info-end
