glyph
j

curves p1x p1y p2x p2y p3x p3y
0.237 0.706 0.211 0.706 0.192 0.724
0.192 0.724 0.173 0.742 0.173 0.773
0.173 0.773 0.173 0.804 0.192 0.822
0.192 0.822 0.211 0.84 0.237 0.84
0.237 0.84 0.264 0.84 0.2825 0.822
0.2825 0.822 0.301 0.804 0.301 0.773
0.301 0.773 0.301 0.742 0.2825 0.724
0.2825 0.724 0.264 0.706 0.237 0.706
0.043 0.565 0.043 0.5995 0.043 0.634
0.043 0.634 0.178 0.634 0.313 0.634
0.313 0.634 0.313 0.4045 0.313 0.175
0.313 0.175 0.313 0.127 0.2995 0.0935
0.2995 0.0935 0.286 0.06 0.2635 0.039
0.2635 0.039 0.241 0.018 0.2115 0.009
0.2115 0.009 0.182 0.0 0.149 0.0
0.149 0.0 0.111 0.0 0.0725 0.008
0.0725 0.008 0.034 0.016 0.0 0.033
0.0 0.033 0.0125 0.068 0.025 0.103
0.025 0.103 0.05 0.091 0.0805 0.0825
0.0805 0.0825 0.111 0.074 0.139 0.074
0.139 0.074 0.179 0.074 0.205 0.0945
0.205 0.0945 0.231 0.115 0.231 0.174
0.231 0.174 0.231 0.3695 0.231 0.565
0.231 0.565 0.137 0.565 0.043 0.565

advance-width
0.5

advance-height
1.0

bounding-box x-min y-min x-max y-max
0.071 -0.17 0.384 0.67 

glyph-info-end
