glyph
k

curves p1x p1y p2x p2y p3x p3y
0.167 0.255 0.194 0.235 0.228 0.2045
0.228 0.2045 0.262 0.174 0.2955 0.139
0.2955 0.139 0.329 0.104 0.359 0.0675
0.359 0.0675 0.389 0.031 0.407 0.0
0.407 0.0 0.358 0.0 0.309 0.0
0.309 0.0 0.29 0.031 0.262 0.0635
0.262 0.0635 0.234 0.096 0.2025 0.126
0.2025 0.126 0.171 0.156 0.1395 0.181
0.1395 0.181 0.108 0.206 0.083 0.223
0.083 0.223 0.083 0.1115 0.083 0.0
0.083 0.0 0.0415 0.0 0.0 0.0
0.0 0.0 0.0 0.3395 0.0 0.679
0.0 0.679 0.0415 0.686 0.083 0.693
0.083 0.693 0.083 0.4815 0.083 0.27
0.083 0.27 0.138 0.318 0.193 0.3655
0.193 0.3655 0.248 0.413 0.292 0.464
0.292 0.464 0.3405 0.464 0.389 0.464
0.389 0.464 0.346 0.413 0.2855 0.359
0.2855 0.359 0.225 0.305 0.167 0.255

advance-width
0.5

advance-height
1.0

bounding-box x-min y-min x-max y-max
0.071 0.0 0.478 0.693 

glyph-info-end
