glyph
l

curves p1x p1y p2x p2y p3x p3y
0.284 0.0 0.24 0.0 0.211 0.012
0.211 0.012 0.182 0.024 0.165 0.048
0.165 0.048 0.148 0.072 0.141 0.1075
0.141 0.1075 0.134 0.143 0.134 0.19
0.134 0.19 0.134 0.4095 0.134 0.629
0.134 0.629 0.067 0.629 0.0 0.629
0.0 0.629 0.0 0.664 0.0 0.699
0.0 0.699 0.108 0.699 0.216 0.699
0.216 0.699 0.216 0.4445 0.216 0.19
0.216 0.19 0.216 0.155 0.2205 0.133
0.2205 0.133 0.225 0.111 0.2345 0.0975
0.2345 0.0975 0.244 0.084 0.258 0.079
0.258 0.079 0.272 0.074 0.291 0.074
0.291 0.074 0.32 0.074 0.345 0.081
0.345 0.081 0.37 0.088 0.384 0.096
0.384 0.096 0.39 0.061 0.396 0.026
0.396 0.026 0.39 0.023 0.379 0.0185
0.379 0.0185 0.368 0.014 0.353 0.01
0.353 0.01 0.338 0.006 0.3205 0.003
0.3205 0.003 0.303 0.0 0.284 0.0

advance-width
0.5

advance-height
1.0

bounding-box x-min y-min x-max y-max
0.054 -0.011 0.45 0.688 

glyph-info-end
