glyph
m

curves p1x p1y p2x p2y p3x p3y
0.0 0.451 0.06 0.474 0.113 0.474
0.113 0.474 0.142 0.474 0.1675 0.4655
0.1675 0.4655 0.193 0.457 0.211 0.439
0.211 0.439 0.254 0.474 0.303 0.474
0.303 0.474 0.327 0.474 0.3485 0.465
0.3485 0.465 0.37 0.456 0.3865 0.438
0.3865 0.438 0.403 0.42 0.413 0.393
0.413 0.393 0.423 0.366 0.423 0.33
0.423 0.33 0.423 0.165 0.423 0.0
0.423 0.0 0.3855 0.0 0.348 0.0
0.348 0.0 0.348 0.166 0.348 0.332
0.348 0.332 0.348 0.368 0.332 0.387
0.332 0.387 0.316 0.406 0.292 0.406
0.292 0.406 0.28 0.406 0.267 0.4
0.267 0.4 0.254 0.394 0.243 0.381
0.243 0.381 0.249 0.358 0.249 0.33
0.249 0.33 0.249 0.2545 0.249 0.179
0.249 0.179 0.2115 0.179 0.174 0.179
0.174 0.179 0.174 0.255 0.174 0.331
0.174 0.331 0.174 0.366 0.163 0.386
0.163 0.386 0.152 0.406 0.12 0.406
0.12 0.406 0.1 0.406 0.075 0.397
0.075 0.397 0.075 0.1985 0.075 0.0
0.075 0.0 0.0375 0.0 0.0 0.0
0.0 0.0 0.0 0.2255 0.0 0.451

advance-width
0.5

advance-height
1.0

bounding-box x-min y-min x-max y-max
0.041 0.0 0.464 0.474 

glyph-info-end
