glyph
N

curves p1x p1y p2x p2y p3x p3y
0.306 0.0 0.272 0.083 0.242 0.1505
0.242 0.1505 0.212 0.218 0.1845 0.277
0.1845 0.277 0.157 0.336 0.13 0.3885
0.13 0.3885 0.103 0.441 0.075 0.494
0.075 0.494 0.075 0.247 0.075 0.0
0.075 0.0 0.0375 0.0 0.0 0.0
0.0 0.0 0.0 0.3095 0.0 0.619
0.0 0.619 0.042 0.619 0.084 0.619
0.084 0.619 0.125 0.544 0.1555 0.488
0.1555 0.488 0.186 0.432 0.2115 0.3795
0.2115 0.3795 0.237 0.327 0.261 0.2715
0.261 0.2715 0.285 0.216 0.315 0.143
0.315 0.143 0.315 0.381 0.315 0.619
0.315 0.619 0.3525 0.619 0.39 0.619
0.39 0.619 0.39 0.3095 0.39 0.0
0.39 0.0 0.348 0.0 0.306 0.0

advance-width
0.5

advance-height
1.0

bounding-box x-min y-min x-max y-max
0.055 0.0 0.445 0.619 

glyph-info-end
