glyph
n

curves p1x p1y p2x p2y p3x p3y
0.0 0.451 0.045 0.462 0.0895 0.468
0.0895 0.468 0.134 0.474 0.173 0.474
0.173 0.474 0.266 0.474 0.3135 0.426
0.3135 0.426 0.361 0.378 0.361 0.272
0.361 0.272 0.361 0.136 0.361 0.0
0.361 0.0 0.32 0.0 0.279 0.0
0.279 0.0 0.279 0.1285 0.279 0.257
0.279 0.257 0.279 0.302 0.271 0.33
0.271 0.33 0.263 0.358 0.2485 0.3735
0.2485 0.3735 0.234 0.389 0.2135 0.395
0.2135 0.395 0.193 0.401 0.169 0.401
0.169 0.401 0.149 0.401 0.1265 0.3985
0.1265 0.3985 0.104 0.396 0.083 0.392
0.083 0.392 0.083 0.196 0.083 0.0
0.083 0.0 0.0415 0.0 0.0 0.0
0.0 0.0 0.0 0.2255 0.0 0.451

advance-width
0.5

advance-height
1.0

bounding-box x-min y-min x-max y-max
0.071 0.0 0.432 0.474 

glyph-info-end
