glyph
9

curves p1x p1y p2x p2y p3x p3y
0.396 0.373 0.396 0.188 0.306 0.0945
0.306 0.0945 0.216 0.001 0.035 0.0
0.035 0.0 0.0335 0.035 0.032 0.07
0.032 0.07 0.144 0.07 0.2125 0.1145
0.2125 0.1145 0.281 0.159 0.303 0.268
0.303 0.268 0.279 0.257 0.25 0.2505
0.25 0.2505 0.221 0.244 0.189 0.244
0.189 0.244 0.136 0.244 0.1 0.2595
0.1 0.2595 0.064 0.275 0.042 0.3015
0.042 0.3015 0.02 0.328 0.01 0.362
0.01 0.362 0.0 0.396 0.0 0.434
0.0 0.434 0.0 0.468 0.011 0.5035
0.011 0.5035 0.022 0.539 0.045 0.568
0.045 0.568 0.068 0.597 0.104 0.616
0.104 0.616 0.14 0.635 0.19 0.635
0.19 0.635 0.292 0.635 0.344 0.565
0.344 0.565 0.396 0.495 0.396 0.373
0.198 0.312 0.23 0.312 0.2575 0.318
0.2575 0.318 0.285 0.324 0.311 0.335
0.311 0.335 0.312 0.345 0.312 0.354
0.312 0.354 0.312 0.363 0.312 0.373
0.312 0.373 0.312 0.412 0.3065 0.447
0.3065 0.447 0.301 0.482 0.2875 0.508
0.2875 0.508 0.274 0.534 0.2505 0.5495
0.2505 0.5495 0.227 0.565 0.191 0.565
0.191 0.565 0.161 0.565 0.141 0.5525
0.141 0.5525 0.121 0.54 0.108 0.5215
0.108 0.5215 0.095 0.503 0.0895 0.48
0.0895 0.48 0.084 0.457 0.084 0.436
0.084 0.436 0.084 0.375 0.1115 0.3435
0.1115 0.3435 0.139 0.312 0.198 0.312

advance-width
0.5

advance-height
1.0

bounding-box x-min y-min x-max y-max
0.051 -0.002 0.447 0.633 

glyph-info-end
