glyph
o

curves p1x p1y p2x p2y p3x p3y
0.42 0.243 0.42 0.188 0.4045 0.1435
0.4045 0.1435 0.389 0.099 0.361 0.067
0.361 0.067 0.333 0.035 0.294 0.0175
0.294 0.0175 0.255 0.0 0.209 0.0
0.209 0.0 0.164 0.0 0.1255 0.0175
0.1255 0.0175 0.087 0.035 0.059 0.067
0.059 0.067 0.031 0.099 0.0155 0.1435
0.0155 0.1435 0.0 0.188 0.0 0.243
0.0 0.243 0.0 0.298 0.0155 0.343
0.0155 0.343 0.031 0.388 0.059 0.4195
0.059 0.4195 0.087 0.451 0.1255 0.4685
0.1255 0.4685 0.164 0.486 0.209 0.486
0.209 0.486 0.255 0.486 0.294 0.4685
0.294 0.4685 0.333 0.451 0.361 0.4195
0.361 0.4195 0.389 0.388 0.4045 0.343
0.4045 0.343 0.42 0.298 0.42 0.243
0.335 0.243 0.335 0.322 0.301 0.3675
0.301 0.3675 0.267 0.413 0.209 0.413
0.209 0.413 0.152 0.413 0.1185 0.3675
0.1185 0.3675 0.085 0.322 0.085 0.243
0.085 0.243 0.085 0.165 0.1185 0.1195
0.1185 0.1195 0.152 0.074 0.209 0.074
0.209 0.074 0.267 0.074 0.301 0.1195
0.301 0.1195 0.335 0.165 0.335 0.243

advance-width
0.5

advance-height
1.0

bounding-box x-min y-min x-max y-max
0.04 -0.011 0.46 0.475 

glyph-info-end
