glyph
1

curves p1x p1y p2x p2y p3x p3y
0.0 0.491 0.051 0.511 0.099 0.5415
0.099 0.5415 0.147 0.572 0.188 0.619
0.188 0.619 0.217 0.619 0.246 0.619
0.246 0.619 0.246 0.3445 0.246 0.07
0.246 0.07 0.3045 0.07 0.363 0.07
0.363 0.07 0.363 0.035 0.363 0.0
0.363 0.0 0.1965 0.0 0.03 0.0
0.03 0.0 0.03 0.035 0.03 0.07
0.03 0.07 0.097 0.07 0.164 0.07
0.164 0.07 0.164 0.287 0.164 0.504
0.164 0.504 0.153 0.494 0.1375 0.4835
0.1375 0.4835 0.122 0.473 0.1035 0.463
0.1035 0.463 0.085 0.453 0.065 0.444
0.065 0.444 0.045 0.435 0.026 0.429
0.026 0.429 0.013 0.46 0.0 0.491

advance-width
0.5

advance-height
1.0

bounding-box x-min y-min x-max y-max
0.075 0.0 0.438 0.619 

glyph-info-end
