glyph
{

curves p1x p1y p2x p2y p3x p3y
0.0 0.464 0.02 0.464 0.04 0.464
0.04 0.464 0.057 0.464 0.07 0.4715
0.07 0.4715 0.083 0.479 0.0915 0.4915
0.0915 0.4915 0.1 0.504 0.1045 0.5195
0.1045 0.5195 0.109 0.535 0.109 0.551
0.109 0.551 0.109 0.6315 0.109 0.712
0.109 0.712 0.109 0.749 0.1165 0.777
0.1165 0.777 0.124 0.805 0.142 0.8245
0.142 0.8245 0.16 0.844 0.1905 0.854
0.1905 0.854 0.221 0.864 0.267 0.864
0.267 0.864 0.3075 0.864 0.348 0.864
0.348 0.864 0.348 0.8315 0.348 0.799
0.348 0.799 0.3055 0.799 0.263 0.799
0.263 0.799 0.221 0.799 0.2035 0.78
0.2035 0.78 0.186 0.761 0.186 0.711
0.186 0.711 0.186 0.642 0.186 0.573
0.186 0.573 0.186 0.506 0.166 0.4745
0.166 0.4745 0.146 0.443 0.12 0.432
0.12 0.432 0.146 0.42 0.166 0.387
0.166 0.387 0.186 0.354 0.186 0.291
0.186 0.291 0.186 0.222 0.186 0.153
0.186 0.153 0.186 0.103 0.204 0.084
0.204 0.084 0.222 0.065 0.264 0.065
0.264 0.065 0.306 0.065 0.348 0.065
0.348 0.065 0.348 0.0325 0.348 0.0
0.348 0.0 0.3075 0.0 0.267 0.0
0.267 0.0 0.221 0.0 0.1905 0.01
0.1905 0.01 0.16 0.02 0.142 0.0395
0.142 0.0395 0.124 0.059 0.1165 0.087
0.1165 0.087 0.109 0.115 0.109 0.152
0.109 0.152 0.109 0.2325 0.109 0.313
0.109 0.313 0.109 0.328 0.1045 0.3435
0.1045 0.3435 0.1 0.359 0.0915 0.3715
0.0915 0.3715 0.083 0.384 0.0705 0.392
0.0705 0.392 0.058 0.4 0.041 0.4
0.041 0.4 0.0205 0.4 0.0 0.4
0.0 0.4 0.0 0.432 0.0 0.464

advance-width
0.5

advance-height
1.0

bounding-box x-min y-min x-max y-max
0.079 -0.165 0.427 0.699 

glyph-info-end
