glyph
(

curves p1x p1y p2x p2y p3x p3y
384.00 821.00 291.00 749.00 242.00 655.00
242.00 655.00 193.00 561.00 193.00 450.00
193.00 450.00 193.00 394.00 204.50 344.00
204.50 344.00 216.00 294.00 239.50 248.00
239.50 248.00 263.00 202.00 299.50 159.00
299.50 159.00 336.00 116.00 386.00 73.00
386.00 73.00 363.50 43.00 341.00 13.00
341.00 13.00 226.00 98.00 169.50 210.50
169.50 210.50 113.00 323.00 113.00 448.00
113.00 448.00 113.00 572.00 170.00 685.00
170.00 685.00 227.00 798.00 341.00 881.00
341.00 881.00 363.00 851.00 385.00 821.00
385.00 821.00 384.50 821.00 384.00 821.00

advance-width
500.00

render-box x-min y-min x-max y-max
0.00 0.00 500.00 890.00

glyph-info-end
