glyph
P

curves p1x p1y p2x p2y p3x p3y
0.162 0.625 0.217 0.625 0.2585 0.611
0.2585 0.611 0.3 0.597 0.3275 0.5715
0.3275 0.5715 0.355 0.546 0.3685 0.511
0.3685 0.511 0.382 0.476 0.382 0.433
0.382 0.433 0.382 0.336 0.325 0.2835
0.325 0.2835 0.268 0.231 0.154 0.231
0.154 0.231 0.118 0.231 0.082 0.231
0.082 0.231 0.082 0.1155 0.082 0.0
0.082 0.0 0.041 0.0 0.0 0.0
0.0 0.0 0.0 0.305 0.0 0.61
0.0 0.61 0.018 0.614 0.0395 0.617
0.0395 0.617 0.061 0.62 0.0825 0.622
0.0825 0.622 0.104 0.624 0.1245 0.6245
0.1245 0.6245 0.145 0.625 0.162 0.625
0.168 0.554 0.142 0.554 0.118 0.5535
0.118 0.5535 0.094 0.553 0.082 0.551
0.082 0.551 0.082 0.426 0.082 0.301
0.082 0.301 0.116 0.301 0.15 0.301
0.15 0.301 0.225 0.301 0.2615 0.331
0.2615 0.331 0.298 0.361 0.298 0.43
0.298 0.43 0.298 0.554 0.168 0.554

advance-width
0.5

advance-height
1.0

bounding-box x-min y-min x-max y-max
0.073 0.0 0.455 0.625 

glyph-info-end
