glyph
p

curves p1x p1y p2x p2y p3x p3y
0.304 0.396 0.304 0.477 0.266 0.5215
0.266 0.5215 0.228 0.566 0.167 0.566
0.167 0.566 0.133 0.566 0.1135 0.563
0.1135 0.563 0.094 0.56 0.083 0.556
0.083 0.556 0.083 0.4095 0.083 0.263
0.083 0.263 0.097 0.25 0.124 0.239
0.124 0.239 0.151 0.228 0.18 0.228
0.18 0.228 0.213 0.228 0.2365 0.241
0.2365 0.241 0.26 0.254 0.275 0.2765
0.275 0.2765 0.29 0.299 0.297 0.3295
0.297 0.3295 0.304 0.36 0.304 0.396
0.389 0.396 0.389 0.343 0.3755 0.2985
0.3755 0.2985 0.362 0.254 0.3365 0.222
0.3365 0.222 0.311 0.19 0.274 0.172
0.274 0.172 0.237 0.154 0.19 0.154
0.19 0.154 0.153 0.154 0.125 0.163
0.125 0.163 0.097 0.172 0.083 0.183
0.083 0.183 0.083 0.0915 0.083 0.0
0.083 0.0 0.0415 0.0 0.0 0.0
0.0 0.0 0.0 0.3075 0.0 0.615
0.0 0.615 0.027 0.623 0.0695 0.631
0.0695 0.631 0.112 0.639 0.167 0.639
0.167 0.639 0.217 0.639 0.258 0.622
0.258 0.622 0.299 0.605 0.328 0.5735
0.328 0.5735 0.357 0.542 0.373 0.497
0.373 0.497 0.389 0.452 0.389 0.396

advance-width
0.5

advance-height
1.0

bounding-box x-min y-min x-max y-max
0.071 -0.165 0.46 0.474 

glyph-info-end
