glyph
%

curves p1x p1y p2x p2y p3x p3y
0.077 0.013 0.042 0.013 0.007 0.013
0.007 0.013 0.1965 0.3225 0.386 0.632
0.386 0.632 0.421 0.632 0.456 0.632
0.456 0.632 0.2665 0.3225 0.077 0.013
0.0 0.49 0.0 0.566 0.029 0.6055
0.029 0.6055 0.058 0.645 0.109 0.645
0.109 0.645 0.16 0.645 0.189 0.6055
0.189 0.6055 0.218 0.566 0.218 0.49
0.218 0.49 0.218 0.414 0.189 0.374
0.189 0.374 0.16 0.334 0.109 0.334
0.109 0.334 0.058 0.334 0.029 0.374
0.029 0.374 0.0 0.414 0.0 0.49
0.156 0.49 0.156 0.535 0.144 0.564
0.144 0.564 0.132 0.593 0.109 0.593
0.109 0.593 0.086 0.593 0.0735 0.564
0.0735 0.564 0.061 0.535 0.061 0.49
0.061 0.49 0.061 0.445 0.0735 0.416
0.0735 0.416 0.086 0.387 0.109 0.387
0.109 0.387 0.132 0.387 0.144 0.416
0.144 0.416 0.156 0.445 0.156 0.49
0.247 0.155 0.247 0.231 0.2755 0.2705
0.2755 0.2705 0.304 0.31 0.355 0.31
0.355 0.31 0.406 0.31 0.435 0.2705
0.435 0.2705 0.464 0.231 0.464 0.155
0.464 0.155 0.464 0.079 0.435 0.0395
0.435 0.0395 0.406 0.0 0.355 0.0
0.355 0.0 0.304 0.0 0.2755 0.0395
0.2755 0.0395 0.247 0.079 0.247 0.155
0.403 0.155 0.403 0.2 0.3905 0.229
0.3905 0.229 0.378 0.258 0.355 0.258
0.355 0.258 0.332 0.258 0.32 0.229
0.32 0.229 0.308 0.2 0.308 0.155
0.308 0.155 0.308 0.11 0.32 0.081
0.32 0.081 0.332 0.052 0.355 0.052
0.355 0.052 0.378 0.052 0.3905 0.081
0.3905 0.081 0.403 0.11 0.403 0.155

advance-width
0.5

advance-height
1.0

bounding-box x-min y-min x-max y-max
0.018 -0.013 0.482 0.632 

glyph-info-end
