glyph
+

curves p1x p1y p2x p2y p3x p3y
0.0 0.255 0.084 0.255 0.168 0.255
0.168 0.255 0.168 0.347 0.168 0.439
0.168 0.439 0.204 0.439 0.24 0.439
0.24 0.439 0.24 0.347 0.24 0.255
0.24 0.255 0.3245 0.255 0.409 0.255
0.409 0.255 0.409 0.22 0.409 0.185
0.409 0.185 0.3245 0.185 0.24 0.185
0.24 0.185 0.24 0.0925 0.24 0.0
0.24 0.0 0.204 0.0 0.168 0.0
0.168 0.0 0.168 0.0925 0.168 0.185
0.168 0.185 0.084 0.185 0.0 0.185
0.0 0.185 0.0 0.22 0.0 0.255

advance-width
0.5

advance-height
1.0

bounding-box x-min y-min x-max y-max
0.046 0.043 0.455 0.482 

glyph-info-end
