glyph
q

curves p1x p1y p2x p2y p3x p3y
0.085 0.396 0.085 0.36 0.0925 0.3295
0.0925 0.3295 0.1 0.299 0.115 0.2765
0.115 0.2765 0.13 0.254 0.1535 0.241
0.1535 0.241 0.177 0.228 0.21 0.228
0.21 0.228 0.239 0.228 0.266 0.239
0.266 0.239 0.293 0.25 0.307 0.263
0.307 0.263 0.307 0.4095 0.307 0.556
0.307 0.556 0.296 0.56 0.2765 0.563
0.2765 0.563 0.257 0.566 0.223 0.566
0.223 0.566 0.162 0.566 0.1235 0.5215
0.1235 0.5215 0.085 0.477 0.085 0.396
0.0 0.396 0.0 0.452 0.016 0.497
0.016 0.497 0.032 0.542 0.061 0.5735
0.061 0.5735 0.09 0.605 0.1315 0.622
0.1315 0.622 0.173 0.639 0.223 0.639
0.223 0.639 0.277 0.639 0.3185 0.6305
0.3185 0.6305 0.36 0.622 0.389 0.614
0.389 0.614 0.389 0.307 0.389 0.0
0.389 0.0 0.3475 0.0 0.306 0.0
0.306 0.0 0.306 0.0915 0.306 0.183
0.306 0.183 0.291 0.173 0.263 0.1635
0.263 0.1635 0.235 0.154 0.2 0.154
0.2 0.154 0.153 0.154 0.116 0.172
0.116 0.172 0.079 0.19 0.0535 0.222
0.0535 0.222 0.028 0.254 0.014 0.2985
0.014 0.2985 0.0 0.343 0.0 0.396

advance-width
0.5

advance-height
1.0

bounding-box x-min y-min x-max y-max
0.04 -0.165 0.429 0.474 

glyph-info-end
