glyph
?

curves p1x p1y p2x p2y p3x p3y
0.093 0.223 0.0925 0.2325 0.092 0.242
0.092 0.242 0.092 0.285 0.114 0.3165
0.114 0.3165 0.136 0.348 0.1625 0.375
0.1625 0.375 0.189 0.402 0.211 0.429
0.211 0.429 0.233 0.456 0.233 0.491
0.233 0.491 0.233 0.529 0.209 0.552
0.209 0.552 0.185 0.575 0.138 0.575
0.138 0.575 0.109 0.575 0.0805 0.568
0.0805 0.568 0.052 0.561 0.023 0.545
0.023 0.545 0.0115 0.577 0.0 0.609
0.0 0.609 0.03 0.626 0.068 0.6355
0.068 0.6355 0.106 0.645 0.149 0.645
0.149 0.645 0.2 0.645 0.2325 0.631
0.2325 0.631 0.265 0.617 0.284 0.5955
0.284 0.5955 0.303 0.574 0.3105 0.548
0.3105 0.548 0.318 0.522 0.318 0.498
0.318 0.498 0.318 0.468 0.3065 0.4445
0.3065 0.4445 0.295 0.421 0.278 0.4
0.278 0.4 0.261 0.379 0.241 0.36
0.241 0.36 0.221 0.341 0.204 0.3205
0.204 0.3205 0.187 0.3 0.1755 0.276
0.1755 0.276 0.164 0.252 0.164 0.223
0.164 0.223 0.1285 0.223 0.093 0.223
0.136 0.0 0.108 0.0 0.0885 0.0185
0.0885 0.0185 0.069 0.037 0.069 0.068
0.069 0.068 0.069 0.099 0.0885 0.1175
0.0885 0.1175 0.108 0.136 0.136 0.136
0.136 0.136 0.163 0.136 0.183 0.1175
0.183 0.1175 0.203 0.099 0.203 0.068
0.203 0.068 0.203 0.037 0.183 0.0185
0.183 0.0185 0.163 0.0 0.136 0.0

advance-width
0.5

advance-height
1.0

bounding-box x-min y-min x-max y-max
0.092 -0.012 0.41 0.633 

glyph-info-end
