glyph
"

curves p1x p1y p2x p2y p3x p3y
0.077 0.249 0.077 0.2265 0.077 0.204
0.077 0.204 0.077 0.16 0.072 0.1035
0.072 0.1035 0.067 0.047 0.059 0.0
0.059 0.0 0.038 0.0 0.017 0.0
0.017 0.0 0.01 0.047 0.005 0.1035
0.005 0.1035 0.0 0.16 0.0 0.205
0.0 0.205 0.0 0.227 0.0 0.249
0.0 0.249 0.0385 0.249 0.077 0.249
0.242 0.249 0.242 0.2265 0.242 0.204
0.242 0.204 0.242 0.16 0.237 0.1035
0.237 0.1035 0.232 0.047 0.225 0.0
0.225 0.0 0.204 0.0 0.183 0.0
0.183 0.0 0.175 0.047 0.17 0.1035
0.17 0.1035 0.165 0.16 0.165 0.205
0.165 0.205 0.165 0.227 0.165 0.249
0.165 0.249 0.2035 0.249 0.242 0.249

advance-width
0.5

advance-height
1.0

bounding-box x-min y-min x-max y-max
0.129 0.43 0.371 0.679 

glyph-info-end
