glyph
R

curves p1x p1y p2x p2y p3x p3y
0.376 0.43 0.376 0.373 0.346 0.3295
0.346 0.3295 0.316 0.286 0.265 0.262
0.265 0.262 0.28 0.238 0.2985 0.2075
0.2985 0.2075 0.317 0.177 0.336 0.1425
0.336 0.1425 0.355 0.108 0.3735 0.0715
0.3735 0.0715 0.392 0.035 0.408 0.0
0.408 0.0 0.364 0.0 0.32 0.0
0.32 0.0 0.29 0.072 0.2545 0.138
0.2545 0.138 0.219 0.204 0.186 0.245
0.186 0.245 0.18 0.244 0.1685 0.244
0.1685 0.244 0.157 0.244 0.153 0.244
0.153 0.244 0.118 0.244 0.083 0.244
0.083 0.244 0.083 0.122 0.083 0.0
0.083 0.0 0.0415 0.0 0.0 0.0
0.0 0.0 0.0 0.305 0.0 0.61
0.0 0.61 0.015 0.614 0.0345 0.617
0.0345 0.617 0.054 0.62 0.0745 0.6215
0.0745 0.6215 0.095 0.623 0.115 0.624
0.115 0.624 0.135 0.625 0.151 0.625
0.151 0.625 0.263 0.625 0.3195 0.576
0.3195 0.576 0.376 0.527 0.376 0.43
0.158 0.554 0.135 0.554 0.1135 0.5535
0.1135 0.5535 0.092 0.553 0.083 0.551
0.083 0.551 0.083 0.4315 0.083 0.312
0.083 0.312 0.1095 0.312 0.136 0.312
0.136 0.312 0.172 0.312 0.2005 0.317
0.2005 0.317 0.229 0.322 0.2495 0.3355
0.2495 0.3355 0.27 0.349 0.281 0.3725
0.281 0.3725 0.292 0.396 0.292 0.434
0.292 0.434 0.292 0.47 0.281 0.493
0.281 0.493 0.27 0.516 0.252 0.5295
0.252 0.5295 0.234 0.543 0.2095 0.5485
0.2095 0.5485 0.185 0.554 0.158 0.554

advance-width
0.5

advance-height
1.0

bounding-box x-min y-min x-max y-max
0.055 0.0 0.463 0.625 

glyph-info-end
