glyph
r

curves p1x p1y p2x p2y p3x p3y
0.0 0.0 0.0 0.2195 0.0 0.439
0.0 0.439 0.102 0.474 0.206 0.474
0.206 0.474 0.238 0.474 0.267 0.4715
0.267 0.4715 0.296 0.469 0.331 0.461
0.331 0.461 0.3235 0.4245 0.316 0.388
0.316 0.388 0.284 0.397 0.2595 0.3995
0.2595 0.3995 0.235 0.402 0.206 0.402
0.206 0.402 0.145 0.402 0.082 0.385
0.082 0.385 0.082 0.1925 0.082 0.0
0.082 0.0 0.041 0.0 0.0 0.0

advance-width
0.5

advance-height
1.0

bounding-box x-min y-min x-max y-max
0.107 0.0 0.438 0.474 

glyph-info-end
