glyph
s

curves p1x p1y p2x p2y p3x p3y
0.285 0.127 0.285 0.152 0.2645 0.168
0.2645 0.168 0.244 0.184 0.2135 0.196
0.2135 0.196 0.183 0.208 0.147 0.2195
0.147 0.2195 0.111 0.231 0.0805 0.248
0.0805 0.248 0.05 0.265 0.0295 0.29
0.0295 0.29 0.009 0.315 0.009 0.355
0.009 0.355 0.009 0.411 0.0545 0.4485
0.0545 0.4485 0.1 0.486 0.197 0.486
0.197 0.486 0.235 0.486 0.2755 0.4805
0.2755 0.4805 0.316 0.475 0.345 0.466
0.345 0.466 0.3375 0.429 0.33 0.392
0.33 0.392 0.322 0.396 0.308 0.4005
0.308 0.4005 0.294 0.405 0.276 0.4085
0.276 0.4085 0.258 0.412 0.2375 0.414
0.2375 0.414 0.217 0.416 0.198 0.416
0.198 0.416 0.09 0.416 0.09 0.357
0.09 0.357 0.09 0.336 0.1105 0.3215
0.1105 0.3215 0.131 0.307 0.162 0.295
0.162 0.295 0.193 0.283 0.229 0.2705
0.229 0.2705 0.265 0.258 0.296 0.24
0.296 0.24 0.327 0.222 0.3475 0.1965
0.3475 0.1965 0.368 0.171 0.368 0.132
0.368 0.132 0.368 0.069 0.319 0.0345
0.319 0.0345 0.27 0.0 0.164 0.0
0.164 0.0 0.116 0.0 0.076 0.008
0.076 0.008 0.036 0.016 0.0 0.032
0.0 0.032 0.008 0.0695 0.016 0.107
0.016 0.107 0.051 0.091 0.0895 0.0805
0.0895 0.0805 0.128 0.07 0.172 0.07
0.172 0.07 0.285 0.07 0.285 0.127

advance-width
0.5

advance-height
1.0

bounding-box x-min y-min x-max y-max
0.066 -0.011 0.434 0.475 

glyph-info-end
