glyph
;

curves p1x p1y p2x p2y p3x p3y
324.00 567.00 324.00 537.00 304.00 514.00
304.00 514.00 284.00 491.00 251.00 491.00
251.00 491.00 217.00 491.00 197.00 514.00
197.00 514.00 177.00 537.00 177.00 567.00
177.00 567.00 177.00 598.00 197.00 621.00
197.00 621.00 217.00 644.00 251.00 644.00
251.00 644.00 284.00 644.00 304.00 621.00
304.00 621.00 324.00 598.00 324.00 567.00
125.00 101.00 143.00 105.00 160.50 109.00
160.50 109.00 178.00 113.00 193.00 120.50
193.00 120.50 208.00 128.00 220.00 139.50
220.00 139.50 232.00 151.00 239.00 171.00
239.00 171.00 207.00 174.00 192.50 195.50
192.50 195.50 178.00 217.00 178.00 238.00
178.00 238.00 178.00 278.00 200.50 298.50
200.50 298.50 223.00 319.00 252.00 319.00
252.00 319.00 289.00 319.00 308.00 292.50
308.00 292.50 327.00 266.00 327.00 228.00
327.00 228.00 327.00 199.00 315.50 167.50
315.50 167.50 304.00 136.00 280.50 108.50
280.50 108.50 257.00 81.00 222.00 61.50
222.00 61.50 187.00 42.00 139.00 36.00
139.00 36.00 132.00 68.50 125.00 101.00

advance-width
500.00

render-box x-min y-min x-max y-max
0.00 0.00 500.00 890.00

glyph-info-end
