glyph
7

curves p1x p1y p2x p2y p3x p3y
0.092 0.0 0.097 0.071 0.1175 0.1505
0.1175 0.1505 0.138 0.23 0.167 0.3045
0.167 0.3045 0.196 0.379 0.231 0.4425
0.231 0.4425 0.266 0.506 0.3 0.547
0.3 0.547 0.15 0.547 0.0 0.547
0.0 0.547 0.0 0.583 0.0 0.619
0.0 0.619 0.196 0.619 0.392 0.619
0.392 0.619 0.392 0.5845 0.392 0.55
0.392 0.55 0.362 0.515 0.327 0.456
0.327 0.456 0.292 0.397 0.2605 0.3235
0.2605 0.3235 0.229 0.25 0.206 0.1665
0.206 0.1665 0.183 0.083 0.177 0.0
0.177 0.0 0.1345 0.0 0.092 0.0

advance-width
0.5

advance-height
1.0

bounding-box x-min y-min x-max y-max
0.063 0.0 0.455 0.619 

glyph-info-end
