glyph
#

curves p1x p1y p2x p2y p3x p3y
0.294 0.0 0.2565 0.0 0.219 0.0
0.219 0.0 0.2345 0.0815 0.25 0.163
0.25 0.163 0.1945 0.163 0.139 0.163
0.139 0.163 0.1235 0.0815 0.108 0.0
0.108 0.0 0.0705 0.0 0.033 0.0
0.033 0.0 0.0485 0.0815 0.064 0.163
0.064 0.163 0.032 0.163 0.0 0.163
0.0 0.163 0.0 0.1965 0.0 0.23
0.0 0.23 0.0385 0.23 0.077 0.23
0.077 0.23 0.092 0.3095 0.107 0.389
0.107 0.389 0.0535 0.389 0.0 0.389
0.0 0.389 0.0 0.422 0.0 0.455
0.0 0.455 0.0605 0.455 0.121 0.455
0.121 0.455 0.1365 0.537 0.152 0.619
0.152 0.619 0.1895 0.619 0.227 0.619
0.227 0.619 0.2115 0.537 0.196 0.455
0.196 0.455 0.2515 0.455 0.307 0.455
0.307 0.455 0.322 0.537 0.337 0.619
0.337 0.619 0.3745 0.619 0.412 0.619
0.412 0.619 0.397 0.537 0.382 0.455
0.382 0.455 0.414 0.455 0.446 0.455
0.446 0.455 0.446 0.422 0.446 0.389
0.446 0.389 0.4075 0.389 0.369 0.389
0.369 0.389 0.3535 0.3095 0.338 0.23
0.338 0.23 0.392 0.23 0.446 0.23
0.446 0.23 0.446 0.1965 0.446 0.163
0.446 0.163 0.3855 0.163 0.325 0.163
0.325 0.163 0.3095 0.0815 0.294 0.0
0.293 0.389 0.238 0.389 0.183 0.389
0.183 0.389 0.1675 0.3095 0.152 0.23
0.152 0.23 0.207 0.23 0.262 0.23
0.262 0.23 0.2775 0.3095 0.293 0.389

advance-width
0.5

advance-height
1.0

bounding-box x-min y-min x-max y-max
0.027 0.0 0.473 0.619 

glyph-info-end
