glyph
'

curves p1x p1y p2x p2y p3x p3y
0.087 0.267 0.087 0.2445 0.087 0.222
0.087 0.222 0.087 0.2 0.0855 0.1715
0.0855 0.1715 0.084 0.143 0.0815 0.1125
0.0815 0.1125 0.079 0.082 0.076 0.0525
0.076 0.0525 0.073 0.023 0.069 0.0
0.069 0.0 0.0435 0.0 0.018 0.0
0.018 0.0 0.014 0.023 0.011 0.0525
0.011 0.0525 0.008 0.082 0.0055 0.1125
0.0055 0.1125 0.003 0.143 0.0015 0.172
0.0015 0.172 0.0 0.201 0.0 0.223
0.0 0.223 0.0 0.245 0.0 0.267
0.0 0.267 0.0435 0.267 0.087 0.267

advance-width
0.5

advance-height
1.0

bounding-box x-min y-min x-max y-max
0.206 0.412 0.293 0.679 

glyph-info-end
