glyph
6

curves p1x p1y p2x p2y p3x p3y
0.0 0.261 0.0 0.351 0.0245 0.4205
0.0245 0.4205 0.049 0.49 0.0945 0.537
0.0945 0.537 0.14 0.584 0.205 0.609
0.205 0.609 0.27 0.634 0.352 0.635
0.352 0.635 0.3555 0.6 0.359 0.565
0.359 0.565 0.306 0.564 0.2625 0.5535
0.2625 0.5535 0.219 0.543 0.185 0.5195
0.185 0.5195 0.151 0.496 0.128 0.459
0.128 0.459 0.105 0.422 0.093 0.368
0.093 0.368 0.117 0.379 0.1455 0.386
0.1455 0.386 0.174 0.393 0.206 0.393
0.206 0.393 0.258 0.393 0.2945 0.377
0.2945 0.377 0.331 0.361 0.353 0.3345
0.353 0.3345 0.375 0.308 0.385 0.273
0.385 0.273 0.395 0.238 0.395 0.201
0.395 0.201 0.395 0.167 0.384 0.1315
0.384 0.1315 0.373 0.096 0.35 0.0665
0.35 0.0665 0.327 0.037 0.291 0.0185
0.291 0.0185 0.255 0.0 0.205 0.0
0.205 0.0 0.102 0.0 0.051 0.069
0.051 0.069 0.0 0.138 0.0 0.261
0.197 0.325 0.165 0.325 0.1385 0.319
0.1385 0.319 0.112 0.313 0.085 0.301
0.085 0.301 0.084 0.291 0.084 0.2815
0.084 0.2815 0.084 0.272 0.084 0.261
0.084 0.261 0.084 0.222 0.0895 0.1875
0.0895 0.1875 0.095 0.153 0.1085 0.1265
0.1085 0.1265 0.122 0.1 0.145 0.0845
0.145 0.0845 0.168 0.069 0.204 0.069
0.204 0.069 0.234 0.069 0.254 0.0815
0.254 0.0815 0.274 0.094 0.287 0.113
0.287 0.113 0.3 0.132 0.3055 0.1555
0.3055 0.1555 0.311 0.179 0.311 0.2
0.311 0.2 0.311 0.261 0.2835 0.293
0.2835 0.293 0.256 0.325 0.197 0.325

advance-width
0.5

advance-height
1.0

bounding-box x-min y-min x-max y-max
0.054 -0.013 0.449 0.622 

glyph-info-end
