glyph
u

curves p1x p1y p2x p2y p3x p3y
429.00 193.00 402.00 186.00 357.50 178.00
357.50 178.00 313.00 170.00 253.00 170.00
253.00 170.00 200.00 170.00 165.00 185.50
165.00 185.50 130.00 201.00 108.00 229.50
108.00 229.50 86.00 258.00 77.00 297.00
77.00 297.00 68.00 336.00 68.00 383.00
68.00 383.00 68.00 513.50 68.00 644.00
68.00 644.00 109.00 644.00 150.00 644.00
150.00 644.00 150.00 522.50 150.00 401.00
150.00 401.00 150.00 315.00 175.50 279.00
175.50 279.00 201.00 243.00 261.00 243.00
261.00 243.00 274.00 243.00 287.50 244.00
287.50 244.00 301.00 245.00 313.00 246.50
313.00 246.50 325.00 248.00 334.00 249.50
334.00 249.50 343.00 251.00 346.00 252.00
346.00 252.00 346.00 448.00 346.00 644.00
346.00 644.00 387.50 644.00 429.00 644.00
429.00 644.00 429.00 418.50 429.00 193.00

advance-width
500.00

render-box x-min y-min x-max y-max
0.00 0.00 500.00 890.00

glyph-info-end
