glyph
p

curves p1x p1y p2x p2y p3x p3y
375.00 411.00 375.00 492.00 337.00 536.50
337.00 536.50 299.00 581.00 238.00 581.00
238.00 581.00 204.00 581.00 184.50 578.00
184.50 578.00 165.00 575.00 154.00 571.00
154.00 571.00 154.00 424.50 154.00 278.00
154.00 278.00 168.00 265.00 195.00 254.00
195.00 254.00 222.00 243.00 251.00 243.00
251.00 243.00 284.00 243.00 307.50 256.00
307.50 256.00 331.00 269.00 346.00 291.50
346.00 291.50 361.00 314.00 368.00 344.50
368.00 344.50 375.00 375.00 375.00 411.00
460.00 411.00 460.00 358.00 446.50 313.50
446.50 313.50 433.00 269.00 407.50 237.00
407.50 237.00 382.00 205.00 345.00 187.00
345.00 187.00 308.00 169.00 261.00 169.00
261.00 169.00 224.00 169.00 196.00 178.00
196.00 178.00 168.00 187.00 154.00 198.00
154.00 198.00 154.00 106.50 154.00 15.00
154.00 15.00 112.50 15.00 71.00 15.00
71.00 15.00 71.00 322.50 71.00 630.00
71.00 630.00 98.00 638.00 140.50 646.00
140.50 646.00 183.00 654.00 238.00 654.00
238.00 654.00 288.00 654.00 329.00 637.00
329.00 637.00 370.00 620.00 399.00 588.50
399.00 588.50 428.00 557.00 444.00 512.00
444.00 512.00 460.00 467.00 460.00 411.00

advance-width
500.00

render-box x-min y-min x-max y-max
0.00 0.00 500.00 890.00

glyph-info-end
