glyph
w

curves p1x p1y p2x p2y p3x p3y
343.00 180.00 328.00 214.00 317.00 242.00
317.00 242.00 306.00 270.00 295.50 298.00
295.50 298.00 285.00 326.00 274.50 356.50
274.50 356.50 264.00 387.00 250.00 426.00
250.00 426.00 236.00 387.00 225.00 356.50
225.00 356.50 214.00 326.00 203.50 298.00
203.50 298.00 193.00 270.00 181.50 242.00
181.50 242.00 170.00 214.00 155.00 180.00
155.00 180.00 124.00 180.00 93.00 180.00
93.00 180.00 65.00 303.00 46.50 423.50
46.50 423.50 28.00 544.00 19.00 644.00
19.00 644.00 58.00 644.00 97.00 644.00
97.00 644.00 100.00 605.00 103.50 567.50
103.50 567.50 107.00 530.00 112.00 489.00
112.00 489.00 117.00 448.00 123.50 400.00
123.50 400.00 130.00 352.00 138.00 292.00
138.00 292.00 154.00 332.00 165.00 362.00
165.00 362.00 176.00 392.00 185.00 419.00
185.00 419.00 194.00 446.00 202.50 474.00
202.50 474.00 211.00 502.00 221.00 537.00
221.00 537.00 252.00 537.00 283.00 537.00
283.00 537.00 293.00 502.00 301.00 474.00
301.00 474.00 309.00 446.00 318.00 419.00
318.00 419.00 327.00 392.00 337.00 362.00
337.00 362.00 347.00 332.00 362.00 293.00
362.00 293.00 371.00 348.00 378.00 395.00
378.00 395.00 385.00 442.00 390.00 483.50
390.00 483.50 395.00 525.00 399.00 564.00
399.00 564.00 403.00 603.00 406.00 644.00
406.00 644.00 443.50 644.00 481.00 644.00
481.00 644.00 476.00 594.00 469.00 537.00
469.00 537.00 462.00 480.00 452.00 420.00
452.00 420.00 442.00 360.00 430.00 298.50
430.00 298.50 418.00 237.00 405.00 180.00
405.00 180.00 374.00 180.00 343.00 180.00

advance-width
500.00

render-box x-min y-min x-max y-max
0.00 0.00 500.00 890.00

glyph-info-end
