glyph
q

curves p1x p1y p2x p2y p3x p3y
125.00 411.00 125.00 375.00 132.50 344.50
132.50 344.50 140.00 314.00 155.00 291.50
155.00 291.50 170.00 269.00 193.50 256.00
193.50 256.00 217.00 243.00 250.00 243.00
250.00 243.00 279.00 243.00 306.00 254.00
306.00 254.00 333.00 265.00 347.00 278.00
347.00 278.00 347.00 424.50 347.00 571.00
347.00 571.00 336.00 575.00 316.50 578.00
316.50 578.00 297.00 581.00 263.00 581.00
263.00 581.00 202.00 581.00 163.50 536.50
163.50 536.50 125.00 492.00 125.00 411.00
40.00 411.00 40.00 467.00 56.00 512.00
56.00 512.00 72.00 557.00 101.00 588.50
101.00 588.50 130.00 620.00 171.50 637.00
171.50 637.00 213.00 654.00 263.00 654.00
263.00 654.00 317.00 654.00 358.50 645.50
358.50 645.50 400.00 637.00 429.00 629.00
429.00 629.00 429.00 322.00 429.00 15.00
429.00 15.00 387.50 15.00 346.00 15.00
346.00 15.00 346.00 106.50 346.00 198.00
346.00 198.00 331.00 188.00 303.00 178.50
303.00 178.50 275.00 169.00 240.00 169.00
240.00 169.00 193.00 169.00 156.00 187.00
156.00 187.00 119.00 205.00 93.50 237.00
93.50 237.00 68.00 269.00 54.00 313.50
54.00 313.50 40.00 358.00 40.00 411.00

advance-width
500.00

render-box x-min y-min x-max y-max
0.00 0.00 500.00 890.00

glyph-info-end
