glyph
i

curves p1x p1y p2x p2y p3x p3y
209.00 716.00 183.00 716.00 164.00 734.00
164.00 734.00 145.00 752.00 145.00 783.00
145.00 783.00 145.00 814.00 164.00 832.00
164.00 832.00 183.00 850.00 209.00 850.00
209.00 850.00 236.00 850.00 254.50 832.00
254.50 832.00 273.00 814.00 273.00 783.00
273.00 783.00 273.00 752.00 254.50 734.00
254.50 734.00 236.00 716.00 209.00 716.00
188.00 575.00 121.00 575.00 54.00 575.00
54.00 575.00 54.00 609.50 54.00 644.00
54.00 644.00 162.00 644.00 270.00 644.00
270.00 644.00 270.00 501.50 270.00 359.00
270.00 359.00 270.00 290.00 289.00 266.50
289.00 266.50 308.00 243.00 346.00 243.00
346.00 243.00 375.00 243.00 399.50 250.00
399.50 250.00 424.00 257.00 438.00 265.00
438.00 265.00 444.00 230.00 450.00 195.00
450.00 195.00 444.00 192.00 433.00 187.50
433.00 187.50 422.00 183.00 407.50 179.00
407.50 179.00 393.00 175.00 375.50 172.00
375.50 172.00 358.00 169.00 339.00 169.00
339.00 169.00 295.00 169.00 266.00 181.00
266.00 181.00 237.00 193.00 219.50 217.00
219.50 217.00 202.00 241.00 195.00 276.50
195.00 276.50 188.00 312.00 188.00 359.00
188.00 359.00 188.00 467.00 188.00 575.00

advance-width
500.00

render-box x-min y-min x-max y-max
0.00 0.00 500.00 890.00

glyph-info-end
