glyph
a

curves p1x p1y p2x p2y p3x p3y
255.00 239.00 286.00 239.00 310.50 241.00
310.50 241.00 335.00 243.00 351.00 246.00
351.00 246.00 351.00 315.00 351.00 384.00
351.00 384.00 335.00 389.00 312.50 392.00
312.50 392.00 290.00 395.00 265.00 395.00
265.00 395.00 242.00 395.00 220.00 391.50
220.00 391.50 198.00 388.00 181.00 379.00
181.00 379.00 164.00 370.00 153.00 355.50
153.00 355.50 142.00 341.00 142.00 319.00
142.00 319.00 142.00 274.00 172.50 256.50
172.50 256.50 203.00 239.00 255.00 239.00
247.00 655.00 299.00 655.00 334.50 642.00
334.50 642.00 370.00 629.00 392.00 606.00
392.00 606.00 414.00 583.00 423.00 550.00
423.00 550.00 432.00 517.00 432.00 478.00
432.00 478.00 432.00 333.00 432.00 188.00
432.00 188.00 403.00 183.00 355.50 176.00
355.50 176.00 308.00 169.00 258.00 169.00
258.00 169.00 220.00 169.00 184.00 175.50
184.00 175.50 148.00 182.00 120.00 198.50
120.00 198.50 92.00 215.00 75.00 244.00
75.00 244.00 58.00 273.00 58.00 318.00
58.00 318.00 58.00 358.00 75.50 385.50
75.50 385.50 93.00 413.00 120.50 430.00
120.50 430.00 148.00 447.00 183.50 454.50
183.50 454.50 219.00 462.00 255.00 462.00
255.00 462.00 304.00 462.00 351.00 451.00
351.00 451.00 351.00 462.50 351.00 474.00
351.00 474.00 351.00 495.00 346.50 514.50
346.50 514.50 342.00 534.00 329.50 550.00
329.50 550.00 317.00 566.00 295.50 575.50
295.50 575.50 274.00 585.00 240.00 585.00
240.00 585.00 197.00 585.00 165.00 579.00
165.00 579.00 133.00 573.00 116.00 567.00
116.00 567.00 111.00 601.00 106.00 635.00
106.00 635.00 123.00 643.00 162.50 649.00
162.50 649.00 202.00 655.00 247.00 655.00

advance-width
500.00

render-box x-min y-min x-max y-max
0.00 0.00 500.00 890.00

glyph-info-end
