glyph
g

curves p1x p1y p2x p2y p3x p3y
346.00 223.00 332.00 215.00 303.00 206.00
303.00 206.00 274.00 197.00 236.00 197.00
236.00 197.00 195.00 197.00 159.50 210.50
159.50 210.50 124.00 224.00 97.50 251.50
97.50 251.50 71.00 279.00 55.50 321.50
55.50 321.50 40.00 364.00 40.00 422.00
40.00 422.00 40.00 473.00 54.50 515.50
54.50 515.50 69.00 558.00 96.50 589.00
96.50 589.00 124.00 620.00 164.00 637.50
164.00 637.50 204.00 655.00 255.00 655.00
255.00 655.00 315.00 655.00 357.50 646.50
357.50 646.50 400.00 638.00 429.00 630.00
429.00 630.00 429.00 423.00 429.00 216.00
429.00 216.00 429.00 108.00 374.50 60.00
374.50 60.00 320.00 12.00 210.00 12.00
210.00 12.00 165.00 12.00 128.50 19.00
128.50 19.00 92.00 26.00 64.00 36.00
64.00 36.00 71.50 72.50 79.00 109.00
79.00 109.00 105.00 98.00 138.50 91.00
138.50 91.00 172.00 84.00 212.00 84.00
212.00 84.00 284.00 84.00 315.00 113.00
315.00 113.00 346.00 142.00 346.00 207.00
346.00 207.00 346.00 215.00 346.00 223.00
346.00 571.00 334.00 575.00 313.00 578.50
313.00 578.50 292.00 582.00 256.00 582.00
256.00 582.00 192.00 582.00 158.50 538.00
158.50 538.00 125.00 494.00 125.00 421.00
125.00 421.00 125.00 381.00 134.50 352.50
134.50 352.50 144.00 324.00 160.50 305.50
160.50 305.50 177.00 287.00 198.00 278.50
198.00 278.50 219.00 270.00 243.00 270.00
243.00 270.00 274.00 270.00 301.50 279.00
301.50 279.00 329.00 288.00 346.00 300.00
346.00 300.00 346.00 435.50 346.00 571.00

advance-width
500.00

render-box x-min y-min x-max y-max
0.00 0.00 500.00 890.00

glyph-info-end
