glyph
x

curves p1x p1y p2x p2y p3x p3y
380.00 180.00 370.00 200.00 355.50 224.00
355.50 224.00 341.00 248.00 324.00 273.50
324.00 273.50 307.00 299.00 288.50 324.00
288.50 324.00 270.00 349.00 252.00 371.00
252.00 371.00 234.00 348.00 214.00 323.00
214.00 323.00 194.00 298.00 175.50 272.50
175.50 272.50 157.00 247.00 141.00 223.00
141.00 223.00 125.00 199.00 114.00 180.00
114.00 180.00 71.50 180.00 29.00 180.00
29.00 180.00 62.00 240.00 109.50 303.50
109.50 303.50 157.00 367.00 203.00 424.00
203.00 424.00 119.50 534.00 36.00 644.00
36.00 644.00 82.50 644.00 129.00 644.00
129.00 644.00 191.50 563.00 254.00 482.00
254.00 482.00 311.50 563.00 369.00 644.00
369.00 644.00 413.00 644.00 457.00 644.00
457.00 644.00 380.50 536.50 304.00 429.00
304.00 429.00 349.00 370.00 394.50 306.00
394.50 306.00 440.00 242.00 472.00 180.00
472.00 180.00 426.00 180.00 380.00 180.00

advance-width
500.00

render-box x-min y-min x-max y-max
0.00 0.00 500.00 890.00

glyph-info-end
