glyph
y

curves p1x p1y p2x p2y p3x p3y
51.00 93.00 60.00 88.00 76.50 85.00
76.50 85.00 93.00 82.00 107.00 82.00
107.00 82.00 156.00 82.00 183.50 103.50
183.50 103.50 211.00 125.00 234.00 174.00
234.00 174.00 178.00 280.00 129.00 401.50
129.00 401.50 80.00 523.00 48.00 644.00
48.00 644.00 93.00 644.00 138.00 644.00
138.00 644.00 148.00 604.00 161.50 557.50
161.50 557.50 175.00 511.00 192.00 462.00
192.00 462.00 209.00 413.00 228.50 363.50
228.50 363.50 248.00 314.00 270.00 269.00
270.00 269.00 286.00 315.00 300.00 360.00
300.00 360.00 314.00 405.00 326.00 450.50
326.00 450.50 338.00 496.00 350.00 543.50
350.00 543.50 362.00 591.00 375.00 644.00
375.00 644.00 418.00 644.00 461.00 644.00
461.00 644.00 429.00 514.00 389.50 392.00
389.50 392.00 350.00 270.00 305.00 166.00
305.00 166.00 288.00 126.00 268.50 97.00
268.50 97.00 249.00 68.00 226.00 49.00
226.00 49.00 203.00 30.00 174.00 21.00
174.00 21.00 145.00 12.00 108.00 12.00
108.00 12.00 89.00 12.00 66.50 17.00
66.50 17.00 44.00 22.00 36.00 26.00
36.00 26.00 43.50 59.50 51.00 93.00

advance-width
500.00

render-box x-min y-min x-max y-max
0.00 0.00 500.00 890.00

glyph-info-end
