glyph
d

curves p1x p1y p2x p2y p3x p3y
346.00 546.00 332.00 559.00 305.00 570.50
305.00 570.50 278.00 582.00 249.00 582.00
249.00 582.00 216.00 582.00 192.50 569.00
192.50 569.00 169.00 556.00 154.00 533.50
154.00 533.50 139.00 511.00 132.00 479.50
132.00 479.50 125.00 448.00 125.00 412.00
125.00 412.00 125.00 331.00 163.00 287.00
163.00 287.00 201.00 243.00 262.00 243.00
262.00 243.00 293.00 243.00 314.50 246.00
314.50 246.00 336.00 249.00 346.00 252.00
346.00 252.00 346.00 399.00 346.00 546.00
346.00 859.00 387.50 866.00 429.00 873.00
429.00 873.00 429.00 533.00 429.00 193.00
429.00 193.00 402.00 185.00 360.00 177.00
360.00 177.00 318.00 169.00 262.00 169.00
262.00 169.00 212.00 169.00 171.00 186.00
171.00 186.00 130.00 203.00 101.00 234.50
101.00 234.50 72.00 266.00 56.00 311.00
56.00 311.00 40.00 356.00 40.00 412.00
40.00 412.00 40.00 466.00 53.50 510.50
53.50 510.50 67.00 555.00 93.00 587.00
93.00 587.00 119.00 619.00 155.50 637.00
155.50 637.00 192.00 655.00 239.00 655.00
239.00 655.00 276.00 655.00 304.00 646.00
304.00 646.00 332.00 637.00 346.00 627.00
346.00 627.00 346.00 743.00 346.00 859.00

advance-width
500.00

render-box x-min y-min x-max y-max
0.00 0.00 500.00 890.00

glyph-info-end
