glyph
t

curves p1x p1y p2x p2y p3x p3y
0.18 0.475 0.278 0.475 0.376 0.475
0.376 0.475 0.376 0.4405 0.376 0.406
0.376 0.406 0.278 0.406 0.18 0.406
0.18 0.406 0.18 0.298 0.18 0.19
0.18 0.19 0.18 0.155 0.185 0.133
0.185 0.133 0.19 0.111 0.2015 0.0975
0.2015 0.0975 0.213 0.084 0.231 0.079
0.231 0.079 0.249 0.074 0.275 0.074
0.275 0.074 0.311 0.074 0.333 0.08
0.333 0.08 0.355 0.086 0.375 0.096
0.375 0.096 0.381 0.061 0.387 0.026
0.387 0.026 0.373 0.02 0.3425 0.01
0.3425 0.01 0.312 0.0 0.267 0.0
0.267 0.0 0.215 0.0 0.182 0.012
0.182 0.012 0.149 0.024 0.1305 0.048
0.1305 0.048 0.112 0.072 0.105 0.1075
0.105 0.1075 0.098 0.143 0.098 0.19
0.098 0.19 0.098 0.298 0.098 0.406
0.098 0.406 0.049 0.406 0.0 0.406
0.0 0.406 0.0 0.4405 0.0 0.475
0.0 0.475 0.049 0.475 0.098 0.475
0.098 0.475 0.098 0.54 0.098 0.605
0.098 0.605 0.139 0.612 0.18 0.619
0.18 0.619 0.18 0.547 0.18 0.475

advance-width
0.5

advance-height
1.0

bounding-box x-min y-min x-max y-max
0.063 -0.011 0.45 0.608 

glyph-info-end
