glyph
3

curves p1x p1y p2x p2y p3x p3y
0.153 0.073 0.232 0.073 0.2655 0.1045
0.2655 0.1045 0.299 0.136 0.299 0.189
0.299 0.189 0.299 0.223 0.285 0.246
0.285 0.246 0.271 0.269 0.248 0.283
0.248 0.283 0.225 0.297 0.195 0.303
0.195 0.303 0.165 0.309 0.132 0.309
0.132 0.309 0.1215 0.309 0.111 0.309
0.111 0.309 0.111 0.3425 0.111 0.376
0.111 0.376 0.1255 0.376 0.14 0.376
0.14 0.376 0.162 0.376 0.1855 0.3805
0.1855 0.3805 0.209 0.385 0.2285 0.3965
0.2285 0.3965 0.248 0.408 0.26 0.428
0.26 0.428 0.272 0.448 0.272 0.479
0.272 0.479 0.272 0.53 0.2405 0.5515
0.2405 0.5515 0.209 0.573 0.167 0.573
0.167 0.573 0.124 0.573 0.094 0.5605
0.094 0.5605 0.064 0.548 0.044 0.535
0.044 0.535 0.028 0.5665 0.012 0.598
0.012 0.598 0.033 0.613 0.0755 0.6295
0.0755 0.6295 0.118 0.646 0.17 0.646
0.17 0.646 0.219 0.646 0.254 0.634
0.254 0.634 0.289 0.622 0.3115 0.6
0.3115 0.6 0.334 0.578 0.345 0.5485
0.345 0.5485 0.356 0.519 0.356 0.484
0.356 0.484 0.356 0.435 0.3305 0.401
0.3305 0.401 0.305 0.367 0.265 0.349
0.265 0.349 0.313 0.335 0.348 0.2945
0.348 0.2945 0.383 0.254 0.383 0.187
0.383 0.187 0.383 0.147 0.3695 0.1125
0.3695 0.1125 0.356 0.078 0.3285 0.053
0.3285 0.053 0.301 0.028 0.2575 0.014
0.2575 0.014 0.214 0.0 0.154 0.0
0.154 0.0 0.131 0.0 0.1065 0.0035
0.1065 0.0035 0.082 0.007 0.061 0.0125
0.061 0.0125 0.04 0.018 0.0235 0.0235
0.0235 0.0235 0.007 0.029 0.0 0.032
0.0 0.032 0.008 0.0675 0.016 0.103
0.016 0.103 0.032 0.095 0.067 0.084
0.067 0.084 0.102 0.073 0.153 0.073

advance-width
0.5

advance-height
1.0

bounding-box x-min y-min x-max y-max
0.059 -0.013 0.442 0.633 

glyph-info-end
