glyph
~

curves p1x p1y p2x p2y p3x p3y
0.426 0.125 0.423 0.108 0.4155 0.086
0.4155 0.086 0.408 0.064 0.3935 0.045
0.3935 0.045 0.379 0.026 0.357 0.013
0.357 0.013 0.335 0.0 0.304 0.0
0.304 0.0 0.277 0.0 0.2545 0.0105
0.2545 0.0105 0.232 0.021 0.211 0.034
0.211 0.034 0.187 0.048 0.165 0.062
0.165 0.062 0.143 0.076 0.117 0.076
0.117 0.076 0.103 0.076 0.093 0.0695
0.093 0.0695 0.083 0.063 0.0765 0.053
0.0765 0.053 0.07 0.043 0.065 0.0305
0.065 0.0305 0.06 0.018 0.057 0.007
0.057 0.007 0.0285 0.015 0.0 0.023
0.0 0.023 0.003 0.04 0.011 0.062
0.011 0.062 0.019 0.084 0.033 0.103
0.033 0.103 0.047 0.122 0.0685 0.135
0.0685 0.135 0.09 0.148 0.122 0.148
0.122 0.148 0.149 0.148 0.1715 0.1375
0.1715 0.1375 0.194 0.127 0.215 0.114
0.215 0.114 0.239 0.1 0.2615 0.086
0.2615 0.086 0.284 0.072 0.309 0.072
0.309 0.072 0.323 0.072 0.333 0.0785
0.333 0.0785 0.343 0.085 0.3495 0.095
0.3495 0.095 0.356 0.105 0.361 0.1175
0.361 0.1175 0.366 0.13 0.369 0.141
0.369 0.141 0.3975 0.133 0.426 0.125

advance-width
0.5

advance-height
1.0

bounding-box x-min y-min x-max y-max
0.037 0.189 0.463 0.337 

glyph-info-end
