glyph
2

curves p1x p1y p2x p2y p3x p3y
0.363 0.461 0.363 0.429 0.3505 0.399
0.3505 0.399 0.338 0.369 0.3175 0.34
0.3175 0.34 0.297 0.311 0.271 0.283
0.271 0.283 0.245 0.255 0.218 0.228
0.218 0.228 0.203 0.213 0.183 0.192
0.183 0.192 0.163 0.171 0.145 0.149
0.145 0.149 0.127 0.127 0.115 0.106
0.115 0.106 0.103 0.085 0.103 0.07
0.103 0.07 0.2455 0.07 0.388 0.07
0.388 0.07 0.388 0.035 0.388 0.0
0.388 0.0 0.2005 0.0 0.013 0.0
0.013 0.0 0.012 0.005 0.012 0.0105
0.012 0.0105 0.012 0.016 0.012 0.021
0.012 0.021 0.012 0.063 0.026 0.099
0.026 0.099 0.04 0.135 0.062 0.167
0.062 0.167 0.084 0.199 0.1115 0.2275
0.1115 0.2275 0.139 0.256 0.166 0.283
0.166 0.283 0.188 0.305 0.2085 0.326
0.2085 0.326 0.229 0.347 0.2445 0.368
0.2445 0.368 0.26 0.389 0.2695 0.4115
0.2695 0.4115 0.279 0.434 0.279 0.458
0.279 0.458 0.279 0.485 0.2705 0.504
0.2705 0.504 0.262 0.523 0.2475 0.5355
0.2475 0.5355 0.233 0.548 0.214 0.554
0.214 0.554 0.195 0.56 0.173 0.56
0.173 0.56 0.147 0.56 0.1255 0.553
0.1255 0.553 0.104 0.546 0.0875 0.536
0.0875 0.536 0.071 0.526 0.059 0.5165
0.059 0.5165 0.047 0.507 0.041 0.501
0.041 0.501 0.0205 0.53 0.0 0.559
0.0 0.559 0.008 0.568 0.024 0.581
0.024 0.581 0.04 0.594 0.0625 0.6055
0.0625 0.6055 0.085 0.617 0.113 0.625
0.113 0.625 0.141 0.633 0.173 0.633
0.173 0.633 0.27 0.633 0.3165 0.5885
0.3165 0.5885 0.363 0.544 0.363 0.461

advance-width
0.5

advance-height
1.0

bounding-box x-min y-min x-max y-max
0.057 0.0 0.445 0.633 

glyph-info-end
