glyph
u

curves p1x p1y p2x p2y p3x p3y
0.361 0.023 0.334 0.016 0.2895 0.008
0.2895 0.008 0.245 0.0 0.185 0.0
0.185 0.0 0.132 0.0 0.097 0.0155
0.097 0.0155 0.062 0.031 0.04 0.0595
0.04 0.0595 0.018 0.088 0.009 0.127
0.009 0.127 0.0 0.166 0.0 0.213
0.0 0.213 0.0 0.3435 0.0 0.474
0.0 0.474 0.041 0.474 0.082 0.474
0.082 0.474 0.082 0.3525 0.082 0.231
0.082 0.231 0.082 0.145 0.1075 0.109
0.1075 0.109 0.133 0.073 0.193 0.073
0.193 0.073 0.206 0.073 0.2195 0.074
0.2195 0.074 0.233 0.075 0.245 0.0765
0.245 0.0765 0.257 0.078 0.266 0.0795
0.266 0.0795 0.275 0.081 0.278 0.082
0.278 0.082 0.278 0.278 0.278 0.474
0.278 0.474 0.3195 0.474 0.361 0.474
0.361 0.474 0.361 0.2485 0.361 0.023

advance-width
0.5

advance-height
1.0

bounding-box x-min y-min x-max y-max
0.068 -0.01 0.429 0.464 

glyph-info-end
