glyph
v

curves p1x p1y p2x p2y p3x p3y
0.44 0.464 0.422 0.399 0.399 0.3365
0.399 0.3365 0.376 0.274 0.352 0.2145
0.352 0.2145 0.328 0.155 0.303 0.101
0.303 0.101 0.278 0.047 0.255 0.0
0.255 0.0 0.2175 0.0 0.18 0.0
0.18 0.0 0.133 0.094 0.085 0.214
0.085 0.214 0.037 0.334 0.0 0.464
0.0 0.464 0.045 0.464 0.09 0.464
0.09 0.464 0.102 0.42 0.1175 0.371
0.1175 0.371 0.133 0.322 0.15 0.273
0.15 0.273 0.167 0.224 0.1845 0.1785
0.1845 0.1785 0.202 0.133 0.219 0.097
0.219 0.097 0.236 0.133 0.2545 0.1785
0.2545 0.1785 0.273 0.224 0.291 0.273
0.291 0.273 0.309 0.322 0.3255 0.371
0.3255 0.371 0.342 0.42 0.354 0.464
0.354 0.464 0.397 0.464 0.44 0.464

advance-width
0.5

advance-height
1.0

bounding-box x-min y-min x-max y-max
0.03 0.0 0.47 0.464 

glyph-info-end
