glyph
w

curves p1x p1y p2x p2y p3x p3y
0.324 0.0 0.309 0.034 0.298 0.062
0.298 0.062 0.287 0.09 0.2765 0.118
0.2765 0.118 0.266 0.146 0.2555 0.1765
0.2555 0.1765 0.245 0.207 0.231 0.246
0.231 0.246 0.217 0.207 0.206 0.1765
0.206 0.1765 0.195 0.146 0.1845 0.118
0.1845 0.118 0.174 0.09 0.1625 0.062
0.1625 0.062 0.151 0.034 0.136 0.0
0.136 0.0 0.105 0.0 0.074 0.0
0.074 0.0 0.046 0.123 0.0275 0.2435
0.0275 0.2435 0.009 0.364 0.0 0.464
0.0 0.464 0.039 0.464 0.078 0.464
0.078 0.464 0.081 0.425 0.0845 0.3875
0.0845 0.3875 0.088 0.35 0.093 0.309
0.093 0.309 0.098 0.268 0.1045 0.22
0.1045 0.22 0.111 0.172 0.119 0.112
0.119 0.112 0.135 0.152 0.146 0.182
0.146 0.182 0.157 0.212 0.166 0.239
0.166 0.239 0.175 0.266 0.1835 0.294
0.1835 0.294 0.192 0.322 0.202 0.357
0.202 0.357 0.233 0.357 0.264 0.357
0.264 0.357 0.274 0.322 0.282 0.294
0.282 0.294 0.29 0.266 0.299 0.239
0.299 0.239 0.308 0.212 0.318 0.182
0.318 0.182 0.328 0.152 0.343 0.113
0.343 0.113 0.352 0.168 0.359 0.215
0.359 0.215 0.366 0.262 0.371 0.3035
0.371 0.3035 0.376 0.345 0.38 0.384
0.38 0.384 0.384 0.423 0.387 0.464
0.387 0.464 0.4245 0.464 0.462 0.464
0.462 0.464 0.457 0.414 0.45 0.357
0.45 0.357 0.443 0.3 0.433 0.24
0.433 0.24 0.423 0.18 0.411 0.1185
0.411 0.1185 0.399 0.057 0.386 0.0
0.386 0.0 0.355 0.0 0.324 0.0

advance-width
0.5

advance-height
1.0

bounding-box x-min y-min x-max y-max
0.019 0.0 0.481 0.464 

glyph-info-end
