glyph
x

curves p1x p1y p2x p2y p3x p3y
0.351 0.0 0.341 0.02 0.3265 0.044
0.3265 0.044 0.312 0.068 0.295 0.0935
0.295 0.0935 0.278 0.119 0.2595 0.144
0.2595 0.144 0.241 0.169 0.223 0.191
0.223 0.191 0.205 0.168 0.185 0.143
0.185 0.143 0.165 0.118 0.1465 0.0925
0.1465 0.0925 0.128 0.067 0.112 0.043
0.112 0.043 0.096 0.019 0.085 0.0
0.085 0.0 0.0425 0.0 0.0 0.0
0.0 0.0 0.033 0.06 0.0805 0.1235
0.0805 0.1235 0.128 0.187 0.174 0.244
0.174 0.244 0.0905 0.354 0.007 0.464
0.007 0.464 0.0535 0.464 0.1 0.464
0.1 0.464 0.1625 0.383 0.225 0.302
0.225 0.302 0.2825 0.383 0.34 0.464
0.34 0.464 0.384 0.464 0.428 0.464
0.428 0.464 0.3515 0.3565 0.275 0.249
0.275 0.249 0.32 0.19 0.3655 0.126
0.3655 0.126 0.411 0.062 0.443 0.0
0.443 0.0 0.397 0.0 0.351 0.0

advance-width
0.5

advance-height
1.0

bounding-box x-min y-min x-max y-max
0.029 0.0 0.472 0.464 

glyph-info-end
