glyph
X

curves p1x p1y p2x p2y p3x p3y
0.359 0.0 0.348 0.027 0.333 0.061
0.333 0.061 0.318 0.095 0.301 0.131
0.301 0.131 0.284 0.167 0.2645 0.203
0.2645 0.203 0.245 0.239 0.224 0.27
0.224 0.27 0.189 0.214 0.154 0.1415
0.154 0.1415 0.119 0.069 0.089 0.0
0.089 0.0 0.0445 0.0 0.0 0.0
0.0 0.0 0.033 0.074 0.077 0.1605
0.077 0.1605 0.121 0.247 0.171 0.327
0.171 0.327 0.0905 0.473 0.01 0.619
0.01 0.619 0.0555 0.619 0.101 0.619
0.101 0.619 0.1615 0.5005 0.222 0.382
0.222 0.382 0.287 0.5005 0.352 0.619
0.352 0.619 0.3965 0.619 0.441 0.619
0.441 0.619 0.359 0.4745 0.277 0.33
0.277 0.33 0.325 0.252 0.37 0.168
0.37 0.168 0.415 0.084 0.45 0.0
0.45 0.0 0.4045 0.0 0.359 0.0

advance-width
0.5

advance-height
1.0

bounding-box x-min y-min x-max y-max
0.025 0.0 0.475 0.619 

glyph-info-end
