glyph
Y

curves p1x p1y p2x p2y p3x p3y
0.197 0.0 0.197 0.115 0.197 0.23
0.197 0.23 0.136 0.33 0.0865 0.425
0.0865 0.425 0.037 0.52 0.0 0.619
0.0 0.619 0.046 0.619 0.092 0.619
0.092 0.619 0.121 0.535 0.1585 0.4585
0.1585 0.4585 0.196 0.382 0.239 0.301
0.239 0.301 0.285 0.386 0.3205 0.4625
0.3205 0.4625 0.356 0.539 0.385 0.619
0.385 0.619 0.43 0.619 0.475 0.619
0.475 0.619 0.437 0.521 0.388 0.428
0.388 0.428 0.339 0.335 0.279 0.232
0.279 0.232 0.279 0.116 0.279 0.0
0.279 0.0 0.238 0.0 0.197 0.0

advance-width
0.5

advance-height
1.0

bounding-box x-min y-min x-max y-max
0.013 0.0 0.488 0.619 

glyph-info-end
