glyph
y

curves p1x p1y p2x p2y p3x p3y
0.015 0.081 0.024 0.076 0.0405 0.073
0.0405 0.073 0.057 0.07 0.071 0.07
0.071 0.07 0.12 0.07 0.1475 0.0915
0.1475 0.0915 0.175 0.113 0.198 0.162
0.198 0.162 0.142 0.268 0.093 0.3895
0.093 0.3895 0.044 0.511 0.012 0.632
0.012 0.632 0.057 0.632 0.102 0.632
0.102 0.632 0.112 0.592 0.1255 0.5455
0.1255 0.5455 0.139 0.499 0.156 0.45
0.156 0.45 0.173 0.401 0.1925 0.3515
0.1925 0.3515 0.212 0.302 0.234 0.257
0.234 0.257 0.25 0.303 0.264 0.348
0.264 0.348 0.278 0.393 0.29 0.4385
0.29 0.4385 0.302 0.484 0.314 0.5315
0.314 0.5315 0.326 0.579 0.339 0.632
0.339 0.632 0.382 0.632 0.425 0.632
0.425 0.632 0.393 0.502 0.3535 0.38
0.3535 0.38 0.314 0.258 0.269 0.154
0.269 0.154 0.252 0.114 0.2325 0.085
0.2325 0.085 0.213 0.056 0.19 0.037
0.19 0.037 0.167 0.018 0.138 0.009
0.138 0.009 0.109 0.0 0.072 0.0
0.072 0.0 0.053 0.0 0.0305 0.005
0.0305 0.005 0.008 0.01 0.0 0.014
0.0 0.014 0.0075 0.0475 0.015 0.081

advance-width
0.5

advance-height
1.0

bounding-box x-min y-min x-max y-max
0.036 -0.168 0.461 0.464 

glyph-info-end
