glyph
z

curves p1x p1y p2x p2y p3x p3y
0.347 0.402 0.329 0.381 0.298 0.3435
0.298 0.3435 0.267 0.306 0.2315 0.2605
0.2315 0.2605 0.196 0.215 0.161 0.165
0.161 0.165 0.126 0.115 0.099 0.07
0.099 0.07 0.2265 0.07 0.354 0.07
0.354 0.07 0.354 0.035 0.354 0.0
0.354 0.0 0.177 0.0 0.0 0.0
0.0 0.0 0.0 0.0275 0.0 0.055
0.0 0.055 0.021 0.095 0.0525 0.1425
0.0525 0.1425 0.084 0.19 0.118 0.2365
0.118 0.2365 0.152 0.283 0.1845 0.325
0.1845 0.325 0.217 0.367 0.241 0.395
0.241 0.395 0.127 0.395 0.013 0.395
0.013 0.395 0.013 0.4295 0.013 0.464
0.013 0.464 0.18 0.464 0.347 0.464
0.347 0.464 0.347 0.433 0.347 0.402

advance-width
0.5

advance-height
1.0

bounding-box x-min y-min x-max y-max
0.073 0.0 0.427 0.464 

glyph-info-end
