glyph
Z

curves p1x p1y p2x p2y p3x p3y
0.393 0.555 0.361 0.511 0.3215 0.4505
0.3215 0.4505 0.282 0.39 0.241 0.324
0.241 0.324 0.2 0.258 0.1615 0.1915
0.1615 0.1915 0.123 0.125 0.094 0.07
0.094 0.07 0.2475 0.07 0.401 0.07
0.401 0.07 0.401 0.035 0.401 0.0
0.401 0.0 0.2005 0.0 0.0 0.0
0.0 0.0 0.0 0.027 0.0 0.054
0.0 0.054 0.031 0.117 0.0685 0.1835
0.0685 0.1835 0.106 0.25 0.145 0.314
0.145 0.314 0.184 0.378 0.223 0.438
0.223 0.438 0.262 0.498 0.298 0.549
0.298 0.549 0.1565 0.549 0.015 0.549
0.015 0.549 0.015 0.584 0.015 0.619
0.015 0.619 0.204 0.619 0.393 0.619
0.393 0.619 0.393 0.587 0.393 0.555

advance-width
0.5

advance-height
1.0

bounding-box x-min y-min x-max y-max
0.054 0.0 0.455 0.619 

glyph-info-end
