glyph
0

curves p1x p1y p2x p2y p3x p3y
0.262 0.334 0.262 0.308 0.2465 0.289
0.2465 0.289 0.231 0.27 0.206 0.27
0.206 0.27 0.18 0.27 0.164 0.289
0.164 0.289 0.148 0.308 0.148 0.334
0.148 0.334 0.148 0.36 0.164 0.38
0.164 0.38 0.18 0.4 0.206 0.4
0.206 0.4 0.231 0.4 0.2465 0.38
0.2465 0.38 0.262 0.36 0.262 0.334
0.0 0.323 0.0 0.479 0.0535 0.5625
0.0535 0.5625 0.107 0.646 0.204 0.646
0.204 0.646 0.302 0.646 0.355 0.5625
0.355 0.5625 0.408 0.479 0.408 0.323
0.408 0.323 0.408 0.167 0.355 0.0835
0.355 0.0835 0.302 0.0 0.204 0.0
0.204 0.0 0.107 0.0 0.0535 0.0835
0.0535 0.0835 0.0 0.167 0.0 0.323
0.324 0.323 0.324 0.374 0.318 0.4195
0.318 0.4195 0.312 0.465 0.298 0.499
0.298 0.499 0.284 0.533 0.261 0.553
0.261 0.553 0.238 0.573 0.204 0.573
0.204 0.573 0.17 0.573 0.147 0.553
0.147 0.553 0.124 0.533 0.11 0.499
0.11 0.499 0.096 0.465 0.09 0.4195
0.09 0.4195 0.084 0.374 0.084 0.323
0.084 0.323 0.084 0.272 0.09 0.2265
0.09 0.2265 0.096 0.181 0.11 0.147
0.11 0.147 0.124 0.113 0.147 0.093
0.147 0.093 0.17 0.073 0.204 0.073
0.204 0.073 0.238 0.073 0.261 0.093
0.261 0.093 0.284 0.113 0.298 0.147
0.298 0.147 0.312 0.181 0.318 0.2265
0.318 0.2265 0.324 0.272 0.324 0.323

advance-width
0.5

advance-height
1.0

bounding-box x-min y-min x-max y-max
0.046 -0.013 0.454 0.633 

glyph-info-end
