glyph
*

curves p1x p1y p2x p2y p3x p3y
287.00 597.00 314.00 572.00 343.00 544.50
343.00 544.50 372.00 517.00 392.00 486.00
392.00 486.00 394.00 483.50 396.00 481.00
396.00 481.00 361.00 455.50 326.00 430.00
326.00 430.00 323.50 433.00 321.00 436.00
321.00 436.00 300.00 466.00 283.00 501.50
283.00 501.50 266.00 537.00 251.00 570.00
251.00 570.00 235.00 537.00 218.00 501.50
218.00 501.50 201.00 466.00 178.00 436.00
178.00 436.00 175.50 433.50 173.00 431.00
173.00 431.00 138.50 456.00 104.00 481.00
104.00 481.00 106.50 484.00 109.00 487.00
109.00 487.00 131.00 518.00 159.00 545.00
159.00 545.00 187.00 572.00 214.00 597.00
214.00 597.00 177.00 602.00 138.00 607.50
138.00 607.50 99.00 613.00 64.00 625.00
64.00 625.00 60.50 626.00 57.00 627.00
57.00 627.00 70.50 668.00 84.00 709.00
84.00 709.00 87.50 707.50 91.00 706.00
91.00 706.00 126.00 692.00 161.50 675.00
161.50 675.00 197.00 658.00 229.00 640.00
229.00 640.00 221.00 676.00 214.50 715.00
214.50 715.00 208.00 754.00 208.00 792.00
208.00 792.00 208.00 795.50 208.00 799.00
208.00 799.00 251.00 799.00 294.00 799.00
294.00 799.00 294.00 795.50 294.00 792.00
294.00 792.00 294.00 754.00 287.50 715.00
287.50 715.00 281.00 676.00 273.00 640.00
273.00 640.00 305.00 659.00 340.00 675.50
340.00 675.50 375.00 692.00 410.00 705.00
410.00 705.00 413.50 706.50 417.00 708.00
417.00 708.00 430.00 667.00 443.00 626.00
443.00 626.00 440.00 625.00 437.00 624.00
437.00 624.00 401.00 613.00 362.50 607.00
362.50 607.00 324.00 601.00 287.00 597.00

advance-width
500.00

render-box x-min y-min x-max y-max
0.00 0.00 500.00 890.00

glyph-info-end
