glyph
D

curves p1x p1y p2x p2y p3x p3y
460.00 490.00 460.00 404.00 438.50 344.00
438.50 344.00 417.00 284.00 379.50 246.50
379.50 246.50 342.00 209.00 290.50 192.00
290.50 192.00 239.00 175.00 179.00 175.00
179.00 175.00 117.00 175.00 54.00 190.00
54.00 190.00 54.00 490.00 54.00 790.00
54.00 790.00 117.00 805.00 179.00 805.00
179.00 805.00 239.00 805.00 290.50 788.00
290.50 788.00 342.00 771.00 379.50 733.00
379.50 733.00 417.00 695.00 438.50 635.00
438.50 635.00 460.00 575.00 460.00 490.00
136.00 249.00 161.00 246.00 187.00 246.00
187.00 246.00 232.00 246.00 267.00 259.50
267.00 259.50 302.00 273.00 326.00 302.50
326.00 302.50 350.00 332.00 363.00 378.50
363.00 378.50 376.00 425.00 376.00 490.00
376.00 490.00 376.00 616.00 327.50 675.00
327.50 675.00 279.00 734.00 184.00 734.00
184.00 734.00 171.00 734.00 158.50 733.50
158.50 733.50 146.00 733.00 136.00 731.00
136.00 731.00 136.00 490.00 136.00 249.00

advance-width
500.00

render-box x-min y-min x-max y-max
0.00 0.00 500.00 890.00

glyph-info-end
