glyph
E

curves p1x p1y p2x p2y p3x p3y
91.00 180.00 91.00 489.50 91.00 799.00
91.00 799.00 264.50 799.00 438.00 799.00
438.00 799.00 438.00 764.00 438.00 729.00
438.00 729.00 305.50 729.00 173.00 729.00
173.00 729.00 173.00 634.00 173.00 539.00
173.00 539.00 289.00 539.00 405.00 539.00
405.00 539.00 405.00 504.00 405.00 469.00
405.00 469.00 289.00 469.00 173.00 469.00
173.00 469.00 173.00 359.50 173.00 250.00
173.00 250.00 316.50 250.00 460.00 250.00
460.00 250.00 460.00 215.00 460.00 180.00
460.00 180.00 275.50 180.00 91.00 180.00

advance-width
500.00

render-box x-min y-min x-max y-max
0.00 0.00 500.00 890.00

glyph-info-end
