glyph
I

curves p1x p1y p2x p2y p3x p3y
291.00 729.00 291.00 489.50 291.00 250.00
291.00 250.00 351.00 250.00 411.00 250.00
411.00 250.00 411.00 215.00 411.00 180.00
411.00 180.00 250.00 180.00 89.00 180.00
89.00 180.00 89.00 215.00 89.00 250.00
89.00 250.00 149.00 250.00 209.00 250.00
209.00 250.00 209.00 489.50 209.00 729.00
209.00 729.00 149.00 729.00 89.00 729.00
89.00 729.00 89.00 764.00 89.00 799.00
89.00 799.00 250.00 799.00 411.00 799.00
411.00 799.00 411.00 764.00 411.00 729.00
411.00 729.00 351.00 729.00 291.00 729.00

advance-width
500.00

render-box x-min y-min x-max y-max
0.00 0.00 500.00 890.00

glyph-info-end
