glyph
H

curves p1x p1y p2x p2y p3x p3y
373.00 799.00 414.00 799.00 455.00 799.00
455.00 799.00 455.00 489.50 455.00 180.00
455.00 180.00 414.00 180.00 373.00 180.00
373.00 180.00 373.00 324.00 373.00 468.00
373.00 468.00 250.00 468.00 127.00 468.00
127.00 468.00 127.00 324.00 127.00 180.00
127.00 180.00 86.00 180.00 45.00 180.00
45.00 180.00 45.00 489.50 45.00 799.00
45.00 799.00 86.00 799.00 127.00 799.00
127.00 799.00 127.00 668.50 127.00 538.00
127.00 538.00 250.00 538.00 373.00 538.00
373.00 538.00 373.00 668.50 373.00 799.00

advance-width
500.00

render-box x-min y-min x-max y-max
0.00 0.00 500.00 890.00

glyph-info-end
