glyph
G

curves p1x p1y p2x p2y p3x p3y
373.00 485.00 414.00 485.00 455.00 485.00
455.00 485.00 455.00 340.00 455.00 195.00
455.00 195.00 436.00 188.00 394.00 177.50
394.00 177.50 352.00 167.00 295.00 167.00
295.00 167.00 239.00 167.00 193.00 188.50
193.00 188.50 147.00 210.00 114.50 251.00
114.50 251.00 82.00 292.00 64.00 352.50
64.00 352.50 46.00 413.00 46.00 490.00
46.00 490.00 46.00 568.00 66.00 628.00
66.00 628.00 86.00 688.00 120.50 729.00
120.50 729.00 155.00 770.00 201.00 791.50
201.00 791.50 247.00 813.00 300.00 813.00
300.00 813.00 334.00 813.00 360.00 808.00
360.00 808.00 386.00 803.00 404.50 796.00
404.50 796.00 423.00 789.00 435.00 781.50
435.00 781.50 447.00 774.00 453.00 770.00
453.00 770.00 439.50 735.50 426.00 701.00
426.00 701.00 403.00 719.00 371.50 730.50
371.50 730.50 340.00 742.00 305.00 742.00
305.00 742.00 267.00 742.00 234.50 724.00
234.50 724.00 202.00 706.00 179.00 673.00
179.00 673.00 156.00 640.00 143.00 593.50
143.00 593.50 130.00 547.00 130.00 490.00
130.00 490.00 130.00 434.00 141.50 388.00
141.50 388.00 153.00 342.00 175.00 309.00
175.00 309.00 197.00 276.00 229.50 257.50
229.50 257.50 262.00 239.00 304.00 239.00
304.00 239.00 333.00 239.00 349.00 243.00
349.00 243.00 365.00 247.00 373.00 251.00
373.00 251.00 373.00 368.00 373.00 485.00

advance-width
500.00

render-box x-min y-min x-max y-max
0.00 0.00 500.00 890.00

glyph-info-end
