glyph
O

curves p1x p1y p2x p2y p3x p3y
29.00 490.00 29.00 573.00 45.00 634.00
45.00 634.00 61.00 695.00 90.00 734.50
90.00 734.50 119.00 774.00 159.50 793.50
159.50 793.50 200.00 813.00 250.00 813.00
250.00 813.00 299.00 813.00 340.00 793.50
340.00 793.50 381.00 774.00 410.00 734.50
410.00 734.50 439.00 695.00 455.50 634.00
455.50 634.00 472.00 573.00 472.00 490.00
472.00 490.00 472.00 407.00 455.50 346.00
455.50 346.00 439.00 285.00 410.00 245.00
410.00 245.00 381.00 205.00 340.00 186.00
340.00 186.00 299.00 167.00 250.00 167.00
250.00 167.00 200.00 167.00 159.50 186.00
159.50 186.00 119.00 205.00 90.00 245.00
90.00 245.00 61.00 285.00 45.00 346.00
45.00 346.00 29.00 407.00 29.00 490.00
113.00 490.00 113.00 368.00 146.00 303.00
146.00 303.00 179.00 238.00 248.00 238.00
248.00 238.00 318.00 238.00 353.00 303.00
353.00 303.00 388.00 368.00 388.00 490.00
388.00 490.00 388.00 612.00 353.00 677.00
353.00 677.00 318.00 742.00 248.00 742.00
248.00 742.00 179.00 742.00 146.00 677.00
146.00 677.00 113.00 612.00 113.00 490.00

advance-width
500.00

render-box x-min y-min x-max y-max
0.00 0.00 500.00 890.00

glyph-info-end
