glyph
J

curves p1x p1y p2x p2y p3x p3y
127.00 729.00 127.00 764.00 127.00 799.00
127.00 799.00 273.50 799.00 420.00 799.00
420.00 799.00 420.00 589.00 420.00 379.00
420.00 379.00 420.00 335.00 410.50 296.00
410.50 296.00 401.00 257.00 377.50 228.50
377.50 228.50 354.00 200.00 314.50 183.50
314.50 183.50 275.00 167.00 215.00 167.00
215.00 167.00 155.00 167.00 114.00 184.00
114.00 184.00 73.00 201.00 54.00 217.00
54.00 217.00 70.50 250.50 87.00 284.00
87.00 284.00 106.00 270.00 137.50 254.00
137.50 254.00 169.00 238.00 211.00 238.00
211.00 238.00 275.00 238.00 306.50 272.00
306.50 272.00 338.00 306.00 338.00 387.00
338.00 387.00 338.00 558.00 338.00 729.00
338.00 729.00 232.50 729.00 127.00 729.00

advance-width
500.00

render-box x-min y-min x-max y-max
0.00 0.00 500.00 890.00

glyph-info-end
