glyph
U

curves p1x p1y p2x p2y p3x p3y
250.00 167.00 195.00 167.00 156.50 183.00
156.50 183.00 118.00 199.00 94.00 228.00
94.00 228.00 70.00 257.00 59.00 299.00
59.00 299.00 48.00 341.00 48.00 393.00
48.00 393.00 48.00 596.00 48.00 799.00
48.00 799.00 89.00 799.00 130.00 799.00
130.00 799.00 130.00 600.50 130.00 402.00
130.00 402.00 130.00 355.00 138.50 323.50
138.50 323.50 147.00 292.00 162.50 273.00
162.50 273.00 178.00 254.00 200.00 246.00
200.00 246.00 222.00 238.00 250.00 238.00
250.00 238.00 278.00 238.00 300.00 246.00
300.00 246.00 322.00 254.00 337.50 273.00
337.50 273.00 353.00 292.00 361.50 323.50
361.50 323.50 370.00 355.00 370.00 402.00
370.00 402.00 370.00 600.50 370.00 799.00
370.00 799.00 411.00 799.00 452.00 799.00
452.00 799.00 452.00 596.00 452.00 393.00
452.00 393.00 452.00 341.00 441.00 299.00
441.00 299.00 430.00 257.00 406.00 228.00
406.00 228.00 382.00 199.00 343.50 183.00
343.50 183.00 305.00 167.00 250.00 167.00

advance-width
500.00

render-box x-min y-min x-max y-max
0.00 0.00 500.00 890.00

glyph-info-end
