glyph
}

curves p1x p1y p2x p2y p3x p3y
421.00 415.00 401.00 415.00 381.00 415.00
381.00 415.00 364.00 415.00 351.50 407.50
351.50 407.50 339.00 400.00 330.50 387.50
330.50 387.50 322.00 375.00 317.50 359.50
317.50 359.50 313.00 344.00 313.00 328.00
313.00 328.00 313.00 247.50 313.00 167.00
313.00 167.00 313.00 130.00 305.50 102.00
305.50 102.00 298.00 74.00 279.50 54.50
279.50 54.50 261.00 35.00 230.50 25.00
230.50 25.00 200.00 15.00 154.00 15.00
154.00 15.00 113.50 15.00 73.00 15.00
73.00 15.00 73.00 47.50 73.00 80.00
73.00 80.00 115.50 80.00 158.00 80.00
158.00 80.00 200.00 80.00 217.50 99.00
217.50 99.00 235.00 118.00 235.00 168.00
235.00 168.00 235.00 237.00 235.00 306.00
235.00 306.00 235.00 373.00 255.00 404.50
255.00 404.50 275.00 436.00 301.00 447.00
301.00 447.00 275.00 459.00 255.00 492.00
255.00 492.00 235.00 525.00 235.00 588.00
235.00 588.00 235.00 657.00 235.00 726.00
235.00 726.00 235.00 776.00 217.00 795.00
217.00 795.00 199.00 814.00 157.00 814.00
157.00 814.00 115.00 814.00 73.00 814.00
73.00 814.00 73.00 846.50 73.00 879.00
73.00 879.00 113.50 879.00 154.00 879.00
154.00 879.00 200.00 879.00 230.50 869.00
230.50 869.00 261.00 859.00 279.50 839.50
279.50 839.50 298.00 820.00 305.50 792.00
305.50 792.00 313.00 764.00 313.00 727.00
313.00 727.00 313.00 646.50 313.00 566.00
313.00 566.00 313.00 551.00 317.00 535.50
317.00 535.50 321.00 520.00 329.50 507.50
329.50 507.50 338.00 495.00 350.50 487.00
350.50 487.00 363.00 479.00 380.00 479.00
380.00 479.00 400.50 479.00 421.00 479.00
421.00 479.00 421.00 447.00 421.00 415.00

advance-width
500.00

render-box x-min y-min x-max y-max
0.00 0.00 500.00 890.00

glyph-info-end
