glyph
+

curves p1x p1y p2x p2y p3x p3y
46.00 478.00 130.00 478.00 214.00 478.00
214.00 478.00 214.00 570.00 214.00 662.00
214.00 662.00 250.00 662.00 286.00 662.00
286.00 662.00 286.00 570.00 286.00 478.00
286.00 478.00 370.50 478.00 455.00 478.00
455.00 478.00 455.00 443.00 455.00 408.00
455.00 408.00 370.50 408.00 286.00 408.00
286.00 408.00 286.00 315.50 286.00 223.00
286.00 223.00 250.00 223.00 214.00 223.00
214.00 223.00 214.00 315.50 214.00 408.00
214.00 408.00 130.00 408.00 46.00 408.00
46.00 408.00 46.00 443.00 46.00 478.00

advance-width
500.00

render-box x-min y-min x-max y-max
0.00 0.00 500.00 890.00

glyph-info-end
