glyph
?

curves p1x p1y p2x p2y p3x p3y
185.00 391.00 184.50 400.50 184.00 410.00
184.00 410.00 184.00 453.00 206.00 484.50
206.00 484.50 228.00 516.00 254.50 543.00
254.50 543.00 281.00 570.00 303.00 597.00
303.00 597.00 325.00 624.00 325.00 659.00
325.00 659.00 325.00 697.00 301.00 720.00
301.00 720.00 277.00 743.00 230.00 743.00
230.00 743.00 201.00 743.00 172.50 736.00
172.50 736.00 144.00 729.00 115.00 713.00
115.00 713.00 103.50 745.00 92.00 777.00
92.00 777.00 122.00 794.00 160.00 803.50
160.00 803.50 198.00 813.00 241.00 813.00
241.00 813.00 292.00 813.00 324.50 799.00
324.50 799.00 357.00 785.00 376.00 763.50
376.00 763.50 395.00 742.00 402.50 716.00
402.50 716.00 410.00 690.00 410.00 666.00
410.00 666.00 410.00 636.00 398.50 612.50
398.50 612.50 387.00 589.00 370.00 568.00
370.00 568.00 353.00 547.00 333.00 528.00
333.00 528.00 313.00 509.00 296.00 488.50
296.00 488.50 279.00 468.00 267.50 444.00
267.50 444.00 256.00 420.00 256.00 391.00
256.00 391.00 220.50 391.00 185.00 391.00
228.00 168.00 200.00 168.00 180.50 186.50
180.50 186.50 161.00 205.00 161.00 236.00
161.00 236.00 161.00 267.00 180.50 285.50
180.50 285.50 200.00 304.00 228.00 304.00
228.00 304.00 255.00 304.00 275.00 285.50
275.00 285.50 295.00 267.00 295.00 236.00
295.00 236.00 295.00 205.00 275.00 186.50
275.00 186.50 255.00 168.00 228.00 168.00

advance-width
500.00

render-box x-min y-min x-max y-max
0.00 0.00 500.00 890.00

glyph-info-end
