glyph
"

curves p1x p1y p2x p2y p3x p3y
206.00 859.00 206.00 836.50 206.00 814.00
206.00 814.00 206.00 770.00 201.00 713.50
201.00 713.50 196.00 657.00 188.00 610.00
188.00 610.00 167.00 610.00 146.00 610.00
146.00 610.00 139.00 657.00 134.00 713.50
134.00 713.50 129.00 770.00 129.00 815.00
129.00 815.00 129.00 837.00 129.00 859.00
129.00 859.00 167.50 859.00 206.00 859.00
371.00 859.00 371.00 836.50 371.00 814.00
371.00 814.00 371.00 770.00 366.00 713.50
366.00 713.50 361.00 657.00 354.00 610.00
354.00 610.00 333.00 610.00 312.00 610.00
312.00 610.00 304.00 657.00 299.00 713.50
299.00 713.50 294.00 770.00 294.00 815.00
294.00 815.00 294.00 837.00 294.00 859.00
294.00 859.00 332.50 859.00 371.00 859.00

advance-width
500.00

render-box x-min y-min x-max y-max
0.00 0.00 500.00 890.00

glyph-info-end
