glyph
r

curves p1x p1y p2x p2y p3x p3y
107.00 180.00 107.00 399.50 107.00 619.00
107.00 619.00 209.00 654.00 313.00 654.00
313.00 654.00 345.00 654.00 374.00 651.50
374.00 651.50 403.00 649.00 438.00 641.00
438.00 641.00 430.50 604.50 423.00 568.00
423.00 568.00 391.00 577.00 366.50 579.50
366.50 579.50 342.00 582.00 313.00 582.00
313.00 582.00 252.00 582.00 189.00 565.00
189.00 565.00 189.00 372.50 189.00 180.00
189.00 180.00 148.00 180.00 107.00 180.00

advance-width
500.00

render-box x-min y-min x-max y-max
0.00 0.00 500.00 890.00

glyph-info-end
