glyph
n

curves p1x p1y p2x p2y p3x p3y
71.00 631.00 116.00 642.00 160.50 648.00
160.50 648.00 205.00 654.00 244.00 654.00
244.00 654.00 337.00 654.00 384.50 606.00
384.50 606.00 432.00 558.00 432.00 452.00
432.00 452.00 432.00 316.00 432.00 180.00
432.00 180.00 391.00 180.00 350.00 180.00
350.00 180.00 350.00 308.50 350.00 437.00
350.00 437.00 350.00 482.00 342.00 510.00
342.00 510.00 334.00 538.00 319.50 553.50
319.50 553.50 305.00 569.00 284.50 575.00
284.50 575.00 264.00 581.00 240.00 581.00
240.00 581.00 220.00 581.00 197.50 578.50
197.50 578.50 175.00 576.00 154.00 572.00
154.00 572.00 154.00 376.00 154.00 180.00
154.00 180.00 112.50 180.00 71.00 180.00
71.00 180.00 71.00 405.50 71.00 631.00

advance-width
500.00

render-box x-min y-min x-max y-max
0.00 0.00 500.00 890.00

glyph-info-end
