glyph
z

curves p1x p1y p2x p2y p3x p3y
420.00 582.00 402.00 561.00 371.00 523.50
371.00 523.50 340.00 486.00 304.50 440.50
304.50 440.50 269.00 395.00 234.00 345.00
234.00 345.00 199.00 295.00 172.00 250.00
172.00 250.00 299.50 250.00 427.00 250.00
427.00 250.00 427.00 215.00 427.00 180.00
427.00 180.00 250.00 180.00 73.00 180.00
73.00 180.00 73.00 207.50 73.00 235.00
73.00 235.00 94.00 275.00 125.50 322.50
125.50 322.50 157.00 370.00 191.00 416.50
191.00 416.50 225.00 463.00 257.50 505.00
257.50 505.00 290.00 547.00 314.00 575.00
314.00 575.00 200.00 575.00 86.00 575.00
86.00 575.00 86.00 609.50 86.00 644.00
86.00 644.00 253.00 644.00 420.00 644.00
420.00 644.00 420.00 613.00 420.00 582.00

advance-width
500.00

render-box x-min y-min x-max y-max
0.00 0.00 500.00 890.00

glyph-info-end
