glyph
t

curves p1x p1y p2x p2y p3x p3y
243.00 644.00 341.00 644.00 439.00 644.00
439.00 644.00 439.00 609.50 439.00 575.00
439.00 575.00 341.00 575.00 243.00 575.00
243.00 575.00 243.00 467.00 243.00 359.00
243.00 359.00 243.00 324.00 248.00 302.00
248.00 302.00 253.00 280.00 264.50 266.50
264.50 266.50 276.00 253.00 294.00 248.00
294.00 248.00 312.00 243.00 338.00 243.00
338.00 243.00 374.00 243.00 396.00 249.00
396.00 249.00 418.00 255.00 438.00 265.00
438.00 265.00 444.00 230.00 450.00 195.00
450.00 195.00 436.00 189.00 405.50 179.00
405.50 179.00 375.00 169.00 330.00 169.00
330.00 169.00 278.00 169.00 245.00 181.00
245.00 181.00 212.00 193.00 193.50 217.00
193.50 217.00 175.00 241.00 168.00 276.50
168.00 276.50 161.00 312.00 161.00 359.00
161.00 359.00 161.00 467.00 161.00 575.00
161.00 575.00 112.00 575.00 63.00 575.00
63.00 575.00 63.00 609.50 63.00 644.00
63.00 644.00 112.00 644.00 161.00 644.00
161.00 644.00 161.00 709.00 161.00 774.00
161.00 774.00 202.00 781.00 243.00 788.00
243.00 788.00 243.00 716.00 243.00 644.00

advance-width
500.00

render-box x-min y-min x-max y-max
0.00 0.00 500.00 890.00

glyph-info-end
