glyph
o

curves p1x p1y p2x p2y p3x p3y
460.00 412.00 460.00 357.00 444.50 312.50
444.50 312.50 429.00 268.00 401.00 236.00
401.00 236.00 373.00 204.00 334.00 186.50
334.00 186.50 295.00 169.00 249.00 169.00
249.00 169.00 204.00 169.00 165.50 186.50
165.50 186.50 127.00 204.00 99.00 236.00
99.00 236.00 71.00 268.00 55.50 312.50
55.50 312.50 40.00 357.00 40.00 412.00
40.00 412.00 40.00 467.00 55.50 512.00
55.50 512.00 71.00 557.00 99.00 588.50
99.00 588.50 127.00 620.00 165.50 637.50
165.50 637.50 204.00 655.00 249.00 655.00
249.00 655.00 295.00 655.00 334.00 637.50
334.00 637.50 373.00 620.00 401.00 588.50
401.00 588.50 429.00 557.00 444.50 512.00
444.50 512.00 460.00 467.00 460.00 412.00
375.00 412.00 375.00 491.00 341.00 536.50
341.00 536.50 307.00 582.00 249.00 582.00
249.00 582.00 192.00 582.00 158.50 536.50
158.50 536.50 125.00 491.00 125.00 412.00
125.00 412.00 125.00 334.00 158.50 288.50
158.50 288.50 192.00 243.00 249.00 243.00
249.00 243.00 307.00 243.00 341.00 288.50
341.00 288.50 375.00 334.00 375.00 412.00

advance-width
500.00

render-box x-min y-min x-max y-max
0.00 0.00 500.00 890.00

glyph-info-end
