glyph
k

curves p1x p1y p2x p2y p3x p3y
238.00 435.00 265.00 415.00 299.00 384.50
299.00 384.50 333.00 354.00 366.50 319.00
366.50 319.00 400.00 284.00 430.00 247.50
430.00 247.50 460.00 211.00 478.00 180.00
478.00 180.00 429.00 180.00 380.00 180.00
380.00 180.00 361.00 211.00 333.00 243.50
333.00 243.50 305.00 276.00 273.50 306.00
273.50 306.00 242.00 336.00 210.50 361.00
210.50 361.00 179.00 386.00 154.00 403.00
154.00 403.00 154.00 291.50 154.00 180.00
154.00 180.00 112.50 180.00 71.00 180.00
71.00 180.00 71.00 519.50 71.00 859.00
71.00 859.00 112.50 866.00 154.00 873.00
154.00 873.00 154.00 661.50 154.00 450.00
154.00 450.00 209.00 498.00 264.00 545.50
264.00 545.50 319.00 593.00 363.00 644.00
363.00 644.00 411.50 644.00 460.00 644.00
460.00 644.00 417.00 593.00 356.50 539.00
356.50 539.00 296.00 485.00 238.00 435.00

advance-width
500.00

render-box x-min y-min x-max y-max
0.00 0.00 500.00 890.00

glyph-info-end
