glyph
l

curves p1x p1y p2x p2y p3x p3y
338.00 169.00 294.00 169.00 265.00 181.00
265.00 181.00 236.00 193.00 219.00 217.00
219.00 217.00 202.00 241.00 195.00 276.50
195.00 276.50 188.00 312.00 188.00 359.00
188.00 359.00 188.00 578.50 188.00 798.00
188.00 798.00 121.00 798.00 54.00 798.00
54.00 798.00 54.00 833.00 54.00 868.00
54.00 868.00 162.00 868.00 270.00 868.00
270.00 868.00 270.00 613.50 270.00 359.00
270.00 359.00 270.00 324.00 274.50 302.00
274.50 302.00 279.00 280.00 288.50 266.50
288.50 266.50 298.00 253.00 312.00 248.00
312.00 248.00 326.00 243.00 345.00 243.00
345.00 243.00 374.00 243.00 399.00 250.00
399.00 250.00 424.00 257.00 438.00 265.00
438.00 265.00 444.00 230.00 450.00 195.00
450.00 195.00 444.00 192.00 433.00 187.50
433.00 187.50 422.00 183.00 407.00 179.00
407.00 179.00 392.00 175.00 374.50 172.00
374.50 172.00 357.00 169.00 338.00 169.00

advance-width
500.00

render-box x-min y-min x-max y-max
0.00 0.00 500.00 890.00

glyph-info-end
